-0.8	-0.8	0.000164064	0.000147473	0.000166929	0.000159367	0.000219034	0.000173677	0.000228485	0.00015995	-0.440048136	-0.480052677	0.628680032	0.599119828
-0.8	-0.6	0.000384239	0.00040237	0.000553862	0.000572276	0.000379097	0.000214758	0.000535246	0.00022241	-0.600837459	-0.657707029	0.335548747	0.268644302
-0.8	-0.4	0.000868953	0.000955184	0.001414175	0.001384139	0.000895118	0.000232395	0.001494354	0.00023676	-0.850616939	-0.859464877	0.188917635	0.291667005
-0.8	-0.2	0.001404108	0.001498336	0.003433713	0.003390293	0.001393991	0.00026866	0.003467567	0.000259502	-0.903850316	-0.935966741	0.134250406	0.177512199
-0.8	0	0.002927897	0.003011498	0.005080291	0.005119597	0.002927897	0.000241878	0.005072255	0.000243365	-0.959370763	-0.960341272	0.094039853	0.088215707
-0.8	0.2	0.003869295	0.003972808	0.008095772	0.008107027	0.003905762	0.000266419	0.008228024	0.000272776	-0.964200915	-0.973646323	0.0977235	0.131421036
-0.8	0.4	0.005777088	0.005834612	0.009278409	0.009127817	0.005835939	0.000249031	0.009301279	0.000245147	-0.975549683	-0.977597915	0.103836153	0.13860982
-0.8	0.6	0.008198001	0.008075863	0.009686063	0.009756947	0.008164996	0.00025664	0.009705724	0.000257431	-0.978308441	-0.978602342	0.119432072	0.065227374
-0.8	0.8	0.009513301	0.009501364	0.009789246	0.009777957	0.009581927	0.00024501	0.009779421	0.00024342	-0.978507956	-0.979948375	0.106242739	0.079358989
-0.6	-0.6	0.00104143	0.001005359	0.001076607	0.001059646	0.001030929	0.000244404	0.001085099	0.000261236	-0.83210365	-0.833994997	0.268919881	0.269233111
-0.6	-0.4	0.001630356	0.001592024	0.001915191	0.001938203	0.00159423	0.000244931	0.001929226	0.000246201	-0.910882856	-0.912053063	0.197747639	0.172104465
-0.6	-0.2	0.002278781	0.002238642	0.003472339	0.003374562	0.002283015	0.000267753	0.003523201	0.000252966	-0.938944677	-0.949901367	0.199607798	0.212700932
-0.6	0	0.003589694	0.003589757	0.005317274	0.005365223	0.003589694	0.000227621	0.005301315	0.000243899	-0.96829542	-0.968223821	0.125871614	0.079144906
-0.6	0.2	0.004501882	0.004407042	0.007158336	0.007018072	0.004508053	0.00024839	0.007100634	0.000250686	-0.971916099	-0.974420934	0.165094429	0.124888898
-0.6	0.4	0.006070741	0.006343492	0.007690659	0.00779908	0.006092987	0.000249148	0.007723844	0.000229247	-0.977241437	-0.979397822	-0.000550559	0.057869674
-0.6	0.6	0.008090007	0.008128495	0.008644682	0.008624688	0.008135287	0.000263293	0.00866517	0.000250024	-0.977817239	-0.980411342	0.092270561	0.098683961
-0.6	0.8	0.009935162	0.010003966	0.007872774	0.008088147	0.009936533	0.000269713	0.007925013	0.000290706	-0.974895672	-0.977902297	0.061780906	0.042024296
-0.4	-0.4	0.002580082	0.002613393	0.002457129	0.002618268	0.002585469	0.000261893	0.002523219	0.000238166	-0.941689088	-0.944715895	0.142166687	0.092309158
-0.4	-0.2	0.00342346	0.003298767	0.004307427	0.004550147	0.003416568	0.000223114	0.004364492	0.000253892	-0.966533565	-0.969291758	0.195234885	0.032411918
-0.4	0	0.004127075	0.004118588	0.004822845	0.004969161	0.004127075	0.000221994	0.004869721	0.000247886	-0.973077944	-0.971168653	0.120396209	0.067555389
-0.4	0.2	0.005411491	0.005493332	0.006394612	0.006414409	0.005424033	0.00024468	0.006379197	0.000241062	-0.976686524	-0.978157433	0.076118643	0.082999296
-0.4	0.4	0.00686573	0.006921227	0.006513466	0.006666161	0.006854409	0.000271202	0.00654573	0.000244345	-0.976706846	-0.979064874	0.074952346	0.048990036
-0.4	0.6	0.0074784	0.007324031	0.005838119	0.005966557	0.007374014	0.000264567	0.005848374	0.000253221	-0.976541009	-0.974586582	0.112600289	0.055482804
-0.4	0.8	0.009578825	0.009355818	0.005868331	0.005854994	0.009621053	0.000259899	0.005843187	0.000280731	-0.975972921	-0.97321765	0.166045135	0.104985643
-0.2	-0.2	0.00408946	0.004162328	0.004560538	0.004438124	0.004073731	0.00025025	0.004580428	0.000208205	-0.969365824	-0.976449501	0.080051837	0.179461153
-0.2	0	0.005435273	0.005665364	0.005158676	0.005202697	0.005435273	0.000261784	0.005158669	0.000217803	-0.976627044	-0.978312377	0.013284327	0.081970166
-0.2	0.2	0.005099847	0.004970555	0.005107369	0.005059927	0.005077822	0.000246758	0.005134153	0.000298832	-0.97490297	-0.969140295	0.158135939	0.150590877
-0.2	0.4	0.005834345	0.005845617	0.004919669	0.004920515	0.005802164	0.000248425	0.004923015	0.00025389	-0.975839341	-0.972840883	0.085363265	0.11466572
-0.2	0.6	0.006506458	0.006444957	0.004515138	0.004430238	0.006439103	0.000263252	0.004529228	0.000251356	-0.973224085	-0.970513741	0.098850383	0.164176141
-0.2	0.8	0.007669058	0.007570272	0.004073301	0.004088897	0.00757435	0.000228191	0.00406905	0.000231166	-0.976702054	-0.969925466	0.088336346	0.108942862
0	0	0.005158682	0.005158275	0.004994678	0.005073559	0.005158682	0.000254859	0.004994678	0.00023323	-0.975297119	-0.976865049	0.111312625	0.071503946
0	0.2	0.005635891	0.00561461	0.004521849	0.004442747	0.005618103	0.000237829	0.004521849	0.000278283	-0.97725527	-0.968995329	0.104385205	0.159295932
0	0.4	0.00539585	0.00540681	0.004192803	0.004116515	0.005420544	0.000240023	0.004192803	0.00025629	-0.973747709	-0.969197108	0.111234448	0.160414809
0	0.6	0.004676139	0.004668378	0.003243094	0.003203791	0.004569474	0.000242181	0.003243094	0.000248395	-0.963765932	-0.9614884	0.068099396	0.160270927
0	0.8	0.004298469	0.004332203	0.002907541	0.002916039	0.004347259	0.00025244	0.002907541	0.000246464	-0.949015737	-0.957679289	0.127673371	0.140554628
0.2	0.2	0.004245668	0.004335154	0.003876999	0.00400741	0.00423737	0.000272812	0.003889432	0.00024064	-0.967025207	-0.968105116	0.081395166	0.063394904
0.2	0.4	0.004222842	0.00420174	0.003598638	0.003685515	0.004197118	0.000250567	0.003628643	0.000276311	-0.966127992	-0.961404107	0.119914053	0.109575494
0.2	0.6	0.003586675	0.003740154	0.002212606	0.002222936	0.003624807	0.000216808	0.002210084	0.000233972	-0.95509554	-0.943080787	0.057225463	0.15374847
0.2	0.8	0.002975531	0.003157959	0.001489809	0.001427143	0.003057663	0.000252634	0.001492313	0.000226804	-0.934518784	-0.918447323	0.086664013	0.250933678
0.4	0.4	0.002638363	0.002622695	0.002722146	0.002694864	0.002643526	0.000254195	0.002680255	0.000214406	-0.944519946	-0.9522951	0.16775227	0.131780663
0.4	0.6	0.002174193	0.002011598	0.001781434	0.001774725	0.002130695	0.000261765	0.001751144	0.000239913	-0.915925074	-0.91950778	0.254989086	0.166880058
0.4	0.8	0.001517548	0.00147444	0.000931311	0.000861295	0.001498978	0.000251889	0.000961662	0.000251102	-0.864341506	-0.839877618	0.224930029	0.35761855
0.6	0.6	0.001021606	0.001064944	0.000930513	0.000924179	0.001011667	0.000252724	0.000987027	0.000259963	-0.840059483	-0.817368027	0.19722195	0.31863832
0.6	0.8	0.000677873	0.000650672	0.000420554	0.000453407	0.000691928	0.000266086	0.000442979	0.000245395	-0.72183892	-0.65588876	0.358137787	0.356330703
0.8	0.8	0.000172176	0.000197275	0.000182166	0.000202696	0.000226317	0.000178466	0.000238794	0.000204626	-0.43696981	-0.434694864	0.516260881	0.544499876