-0.8	-0.8	0.000810296	0.000770728	0.000405179	0.000426449	0.001080355	0.001244871	0.000630943	0.000260208	-0.380052853	-0.247508423	0.670216058	0.573440912
-0.8	-0.6	0.002034064	0.002291258	0.001222487	0.001350078	0.002209121	0.003157545	0.001625958	0.000244541	-0.326159574	-0.290030594	0.582221436	0.412661679
-0.8	-0.4	0.004473069	0.004734583	0.002879327	0.002909736	0.004507968	0.006500849	0.002962083	0.000238177	-0.302976156	-0.281586577	0.579502398	0.172942934
-0.8	-0.2	0.008264435	0.008953048	0.005135623	0.004648471	0.008276212	0.010441174	0.004766527	0.000249668	-0.395411785	-0.306691547	0.525197107	0.168542667
-0.8	0	0.01336072	0.014174851	0.00797907	0.008978201	0.01336072	0.017549006	0.009075665	0.000238628	-0.362837328	-0.32429461	0.54645107	0.114189948
-0.8	0.2	0.019717307	0.020772069	0.012333014	0.013200963	0.019688835	0.025931283	0.013422246	0.000226883	-0.357590883	-0.353156126	0.549845011	0.128408756
-0.8	0.4	0.023804641	0.027755801	0.015343386	0.015581787	0.023878077	0.03830385	0.015644906	0.00026173	-0.257579044	-0.197085893	0.569163806	0.080267155
-0.8	0.6	0.034926829	0.039428534	0.022944429	0.023425902	0.035169776	0.048067157	0.023514181	0.000275077	-0.354590766	-0.326980251	0.532743758	0.071434765
-0.8	0.8	0.050043937	0.047539297	0.028374243	0.027547058	0.050047652	0.058671502	0.027482859	0.000254829	-0.396482154	-0.325279953	0.564511773	0.036016872
-0.6	-0.8	0.004981269	0.004887996	0.001213343	0.001332132	0.005208874	0.005256323	0.001479857	0.00024705	-0.495357763	-0.287676471	0.532933874	0.326450197
-0.6	-0.6	0.008507504	0.008226081	0.002315506	0.002323774	0.008679021	0.010270093	0.002587885	0.000242078	-0.403984915	-0.233395354	0.567891141	0.319766096
-0.6	-0.4	0.014004555	0.013804062	0.004217166	0.003775159	0.014094617	0.016844449	0.004113187	0.000239674	-0.404098975	-0.270125969	0.556031218	0.29092033
-0.6	-0.2	0.021101538	0.021609714	0.005816363	0.00557976	0.021161389	0.024353531	0.005660384	0.000226723	-0.431535552	-0.232280622	0.526513414	0.135652465
-0.6	0	0.02925546	0.028090645	0.008668608	0.00912661	0.02925546	0.037830636	0.009443033	0.000236787	-0.340380507	-0.228534506	0.586082374	0.184980128
-0.6	0.2	0.032598836	0.035796446	0.011743267	0.011900492	0.032540776	0.046815582	0.012239874	0.000265868	-0.314302803	-0.288095409	0.558017517	0.167758024
-0.6	0.4	0.044723384	0.043593326	0.014562091	0.015012744	0.044730005	0.059813712	0.014945187	0.000218041	-0.323523103	-0.259398837	0.58917818	0.041681266
-0.6	0.6	0.056164332	0.061801462	0.019370079	0.020660712	0.05597502	0.077491132	0.020726966	0.000227351	-0.342783283	-0.297649275	0.544066643	0.067626472
-0.6	0.8	0.06177599	0.065764953	0.021049386	0.021876807	0.061912309	0.081002322	0.021606773	0.000262691	-0.366862617	-0.307682961	0.544711929	-0.00154105
-0.4	-0.8	0.027338569	0.026702431	0.002896944	0.002968485	0.0280617	0.031488432	0.003181238	0.000256546	-0.432238876	-0.179888647	0.552512964	0.259740334
-0.4	-0.6	0.037534703	0.035451056	0.003863352	0.00404884	0.037888924	0.038116737	0.004217602	0.000262138	-0.485315285	-0.249395044	0.533575878	0.204903081
-0.4	-0.4	0.044913695	0.047140324	0.004390157	0.004781517	0.045155189	0.049957823	0.005111812	0.000229223	-0.46194621	-0.152918597	0.505019879	0.258444887
-0.4	-0.2	0.056924242	0.050140984	0.006592733	0.00687205	0.056978786	0.057807344	0.007015294	0.000242324	-0.462113758	-0.314274967	0.563193741	0.147859714
-0.4	0	0.067284681	0.066785863	0.008082572	0.009790299	0.067284681	0.077206223	0.010177344	0.000261131	-0.424140247	-0.310715576	0.539057321	0.198800143
-0.4	0.2	0.074791126	0.077690965	0.010482819	0.00973839	0.074607635	0.087903876	0.010119711	0.000275551	-0.422483385	-0.306639834	0.523691373	0.196682578
-0.4	0.4	0.0990107	0.097146169	0.011208975	0.013643292	0.098860528	0.125572291	0.013916961	0.000251003	-0.358528284	-0.191224367	0.571208275	0.140361019
-0.4	0.6	0.108289462	0.099969995	0.012257223	0.013864512	0.107665781	0.118654218	0.014007785	0.000243681	-0.427341906	-0.279496042	0.55893953	0.104720971
-0.4	0.8	0.11426243	0.105832337	0.017024902	0.016419565	0.113702302	0.141621516	0.016536282	0.000253318	-0.354461299	-0.320235604	0.589029708	0.090398304
-0.2	-0.8	0.14864825	0.157355948	0.005364097	0.005538769	0.150144569	0.202844378	0.005938373	0.000265306	-0.343388253	-0.278421512	0.560500257	0.264865613
-0.2	-0.6	0.166020845	0.170377944	0.005809573	0.005915738	0.165833901	0.199467115	0.006115072	0.000231307	-0.409111923	-0.321561574	0.535871846	0.181046533
-0.2	-0.4	0.182613225	0.175079831	0.006546323	0.007470101	0.183000456	0.249398612	0.007542203	0.00022189	-0.304382939	-0.294214961	0.602239389	0.113628431
-0.2	-0.2	0.178887582	0.210487429	0.007410777	0.007315575	0.178880412	0.259451856	0.007333813	0.000212419	-0.335824524	-0.30908208	0.528809702	0.092400411
-0.2	0	0.182033722	0.195926783	0.008329792	0.007844902	0.182033722	0.257233304	0.007897349	0.000260484	-0.319633514	-0.35735726	0.562269362	0.109090641
-0.2	0.2	0.195221944	0.199296023	0.007279602	0.00912773	0.19521747	0.239426903	0.00913331	0.000263396	-0.392979907	-0.405940973	0.544296258	0.086709388
-0.2	0.4	0.222643923	0.214095944	0.010428267	0.009924612	0.222713454	0.321872021	0.009831223	0.000247599	-0.263478033	-0.349927675	0.617181461	0.049420225
-0.2	0.6	0.220904373	0.229910434	0.009039862	0.00964607	0.220848844	0.287495058	0.009495939	0.000243881	-0.361539435	-0.376664953	0.552495423	0.030802282
-0.2	0.8	0.219974472	0.25218997	0.010587883	0.010368754	0.220319889	0.304565207	0.010488678	0.000275757	-0.353342168	-0.41718195	0.526356977	0.116329999
0	-0.8	0.489755597	0.507260121	0.004859803	0.00495346	0.491583215	1.000173823	0.004859803	0.000232956	0.001553595	-0.976305555	0.702017761	0.065459567
0	-0.6	0.508530638	0.441393581	0.005463043	0.005432468	0.507914051	0.919022022	0.005463043	0.000228539	-0.032235618	-0.979028324	0.721252423	0.11594782
0	-0.4	0.510864269	0.563331156	0.004682079	0.004696355	0.510573495	1.076282785	0.004682079	0.000264238	0.001898034	-0.971826036	0.690360893	0.112363794
0	-0.2	0.467598772	0.471733091	0.005738642	0.005654173	0.467817601	0.878855412	0.005738642	0.00028434	-0.06434399	-0.975069006	0.682262094	0.144360151
0	0	0.475636876	0.444023628	0.005113846	0.00516131	0.475636876	0.967173706	0.005113846	0.000238421	0.051694401	-0.976806768	0.73629672	0.086468903
0	0.2	0.496939377	0.494449444	0.004932347	0.004697763	0.497011935	1.006455441	0.004932347	0.000273227	0.014881033	-0.9719162	0.713326247	0.218717514
0	0.4	0.503628246	0.541088368	0.005513376	0.005453328	0.503688859	1.039217821	0.005513376	0.000259218	-0.005130004	-0.976377839	0.6923481	0.133530441
0	0.6	0.515732047	0.465209002	0.005782401	0.005804291	0.51613775	0.958648047	0.005782401	0.000282588	-0.02290941	-0.975612751	0.717624002	0.101970633
0	0.8	0.489019198	0.532383523	0.005133595	0.005137123	0.488758584	1.050193422	0.005133595	0.000261445	0.027484498	-0.974544706	0.702475992	0.111313502
0.2	-0.8	0.244149054	0.245646637	0.010854505	0.011955746	0.243763992	0.34267667	0.0120512	0.00025521	-0.298179271	-0.398326647	0.589569395	0.099976386
0.2	-0.6	0.237446342	0.225555523	0.00935929	0.010571052	0.237210095	0.301356108	0.010454227	0.000263034	-0.349524559	-0.378903387	0.585359375	0.044085027
0.2	-0.4	0.196521378	0.214518482	0.00847179	0.008857547	0.196554983	0.282226643	0.008844035	0.000272317	-0.31328913	-0.336354923	0.561003497	0.083383524
0.2	-0.2	0.214496627	0.231560527	0.01011914	0.009921267	0.214268781	0.309057743	0.010184992	0.000238839	-0.306505314	-0.389746822	0.566898644	0.161112124
0.2	0	0.205946963	0.221386941	0.008200897	0.007165406	0.205946963	0.275469469	0.007559215	0.000252485	-0.355608707	-0.296759404	0.545856113	0.233907383
0.2	0.2	0.198167598	0.175969743	0.006666672	0.007180447	0.198378525	0.241654944	0.007417235	0.0002697	-0.355703337	-0.309813638	0.603022589	0.179051486
0.2	0.4	0.160425347	0.175153226	0.005516906	0.006742832	0.160876227	0.192396465	0.006850752	0.000262229	-0.428813565	-0.37813245	0.506217214	0.138081994
0.2	0.6	0.151668003	0.15342804	0.005582806	0.005833264	0.15190527	0.18786294	0.00593526	0.00026853	-0.38727179	-0.348007274	0.551530473	0.14674819
0.2	0.8	0.152570742	0.159693781	0.005195855	0.0050966	0.153123734	0.171758481	0.005348885	0.000239427	-0.456065633	-0.358386095	0.509294856	0.217251691
0.4	-0.8	0.114333128	0.113698553	0.015501064	0.016882456	0.114845294	0.137717023	0.017007815	0.00022342	-0.394957054	-0.314644578	0.552088273	0.089461256
0.4	-0.6	0.116058709	0.105051682	0.015919585	0.015716155	0.115634387	0.152937344	0.015763623	0.000223501	-0.304948952	-0.235228249	0.61480974	0.072180962
0.4	-0.4	0.089143805	0.091337563	0.012198766	0.012497387	0.089032707	0.110759708	0.012494087	0.000235897	-0.38453142	-0.284558617	0.546076265	0.067742342
0.4	-0.2	0.081266123	0.079914731	0.009868313	0.010714953	0.081394748	0.088554227	0.010587018	0.000255533	-0.450845113	-0.294749671	0.530242927	0.038788861
0.4	0	0.066158596	0.067597592	0.008010321	0.008481738	0.066158596	0.081547167	0.008805681	0.000239377	-0.390352353	-0.233289053	0.545317257	0.19400034
0.4	0.2	0.053647761	0.053583453	0.006457515	0.006713643	0.053636343	0.063852056	0.006867713	0.000239269	-0.406306939	-0.236466025	0.545993472	0.153422028
0.4	0.4	0.050972696	0.045850565	0.005506329	0.005410813	0.051199746	0.056311773	0.005637237	0.000255347	-0.422796551	-0.188746763	0.574178252	0.20077617
0.4	0.6	0.037563031	0.032836077	0.003845048	0.003793371	0.037782383	0.038800978	0.004018235	0.000238461	-0.4566899	-0.205406955	0.571287981	0.236662514
0.4	0.8	0.028741309	0.027765116	0.003109133	0.002746921	0.029207257	0.029034175	0.002918228	0.00026152	-0.50009761	-0.243613451	0.523277832	0.247726464
0.6	-0.8	0.064294793	0.06570558	0.021908145	0.024564608	0.064430971	0.077952308	0.024651139	0.000263237	-0.398716405	-0.391917572	0.54097507	0.068652806
0.6	-0.6	0.059434447	0.063970589	0.019424087	0.021884294	0.059662933	0.08432515	0.021959412	0.000265129	-0.315813978	-0.260068511	0.564058424	0.07050592
0.6	-0.4	0.045723122	0.047802025	0.014486199	0.01445685	0.045615446	0.053187592	0.014811561	0.000244967	-0.429378747	-0.337781004	0.517711341	0.157410519
0.6	-0.2	0.03512431	0.035225262	0.011052095	0.011082254	0.035100028	0.048878935	0.011184342	0.000253712	-0.30365213	-0.206934725	0.588522392	0.105608674
0.6	0	0.027331567	0.032243268	0.008013264	0.008537406	0.027331567	0.034957026	0.008642862	0.000264482	-0.414636589	-0.248870322	0.486012457	0.122340953
0.6	0.2	0.020084047	0.020450684	0.005498438	0.005295816	0.020164472	0.022901987	0.005523885	0.000238051	-0.437854947	-0.248753994	0.526200757	0.203240646
0.6	0.4	0.01273426	0.012368719	0.00359944	0.003787209	0.012931422	0.01615774	0.004032369	0.000240096	-0.365536279	-0.234572758	0.57836812	0.246585954
0.6	0.6	0.009369432	0.008742278	0.002449147	0.002698958	0.009389885	0.01181779	0.002882032	0.000256295	-0.362480214	-0.193882554	0.591667705	0.255611121
0.6	0.8	0.005125967	0.004940662	0.00127572	0.001341279	0.005337706	0.006193859	0.001554046	0.000234859	-0.421447895	-0.207129106	0.573135015	0.370466993
0.8	-0.8	0.045230226	0.047810614	0.032591049	0.030164871	0.045171961	0.061577914	0.030012301	0.000239984	-0.339450958	-0.364297816	0.558763121	0.016285786
0.8	-0.6	0.032007836	0.037027847	0.025148072	0.022679662	0.031976522	0.049723827	0.022398052	0.000260079	-0.28201188	-0.324070885	0.560160388	-0.004460429
0.8	-0.4	0.03086388	0.028047073	0.015838768	0.018710346	0.030844513	0.036703677	0.018699951	0.000257827	-0.377860054	-0.309725371	0.586996666	0.056343166
0.8	-0.2	0.02054868	0.01883299	0.013670517	0.011449375	0.020457809	0.026402544	0.01151419	0.00025901	-0.328018585	-0.328345422	0.60297568	0.093757469
0.8	0	0.011484918	0.013759991	0.007094088	0.008010133	0.011484918	0.015836834	0.007952093	0.000276469	-0.374194802	-0.334605103	0.502791515	0.073657208
0.8	0.2	0.008624738	0.009259446	0.004545136	0.004822495	0.008643924	0.010542456	0.005077434	0.0002675	-0.415428447	-0.291398947	0.519946642	0.224141454
0.8	0.4	0.005043386	0.005689744	0.002850961	0.002838248	0.00513752	0.006597032	0.003031555	0.000258294	-0.402710381	-0.289719076	0.519160279	0.255173623
0.8	0.6	0.002274891	0.002431174	0.001328304	0.001158983	0.002462632	0.003229254	0.001410168	0.000265035	-0.356157425	-0.220523226	0.57813806	0.422199287
0.8	0.8	0.000759698	0.000759287	0.00042786	0.000458274	0.000934564	0.001134702	0.000671983	0.000237223	-0.376683793	-0.296312759	0.636046539	0.564707303