"V1"	"V2"	"V3"	"V4"
"1"	100	0.0349620400337193	0.0352364322550215	0.0190148722321201
"2"	200	0.0343324272703593	0.0351033315961884	0.00563076732848497
"3"	300	0.0363113907196164	0.034822798454745	0.00314831896805769
"4"	400	0.0359444674908555	0.0360647621092499	0.00202846106678405
"5"	500	0.0364371347288993	0.0361621860746553	0.0016291635936964
"6"	600	0.0364679643325659	0.0365257212405494	0.00129568736800068
"7"	700	0.0364850809315455	0.0367378173482065	0.00110041890957833
"8"	800	0.036537596386206	0.0368301549539887	0.000942316987670277
"9"	900	0.0365175564146326	0.0370287731046815	0.000891454482022156
"10"	1000	0.0367359335229907	0.0371517133321859	0.000816313149610701
"11"	1100	0.0369141654577963	0.0371061074818302	0.00075058720020343
"12"	1200	0.0369281805584068	0.0372427348030646	0.000713399479869889
"13"	1300	0.0370505500476932	0.0372205888587295	0.000676820794888878
"14"	1400	0.0369446437441576	0.0371551532756602	0.000625461727821159
"15"	1500	0.0371265613018861	0.0371754113740798	0.000588860949352482
"16"	1600	0.0370419413795807	0.0371934169448586	0.000560453464467629
"17"	1700	0.0370373372480721	0.0372102651481909	0.000554711038792238
"18"	1800	0.0369760334339303	0.037060739584049	0.000522010745813853
"19"	1900	0.0370693565489043	0.0369943320265343	0.000513162519985831
"20"	2000	0.0369346533368856	0.0369207835266702	0.000492531273871504
"21"	2100	0.036914938564441	0.0370039577385148	0.000487800273349305
"22"	2200	0.0370581895536764	0.0370929241474396	0.000463570723629343
"23"	2300	0.0369658230027595	0.0370676294634042	0.000443847824531324
"24"	2400	0.0369677688556299	0.0369928871789708	0.000431222592413201
"25"	2500	0.0370626663308686	0.0370008964963067	0.000421594811778612
"26"	2600	0.037122950555065	0.0369688275509783	0.000403899844053236
"27"	2700	0.0371280041902033	0.0369451729691658	0.000393126925961259
"28"	2800	0.0370405819146831	0.0369886572939641	0.000376994635666113
"29"	2900	0.0370205064615756	0.0369220491216961	0.000364520352107928
"30"	3000	0.0370834456016744	0.036949483002639	0.000369525296519382
"31"	3100	0.0370123744205965	0.0369265604487158	0.000361288011361713
"32"	3200	0.0370049398138681	0.0371444428564684	0.00035246333587064
"33"	3300	0.0370031040220264	0.0371813772805889	0.000353622225972694
"34"	3400	0.0371030596721971	0.0372097902330797	0.000357023199680081
"35"	3500	0.0371118919587933	0.0372322480503454	0.000343024267963448
"36"	3600	0.037002978386239	0.0371477287056688	0.000331148670514412
"37"	3700	0.036916900823656	0.0371290323174368	0.000324786358011757
"38"	3800	0.0370465288012691	0.0371623487021027	0.000319826981113197
"39"	3900	0.0370215057837631	0.0370623683068239	0.0003215935880336
"40"	4000	0.0369862464487062	0.0371354955975456	0.000314349179104019
"41"	4100	0.0371912572702711	0.0372752441139122	0.000324377555610892
"42"	4200	0.0372501792374206	0.0372688573048911	0.000314795818897792
"43"	4300	0.0373866371033939	0.0372448945370432	0.000311861609714252
"44"	4400	0.0374263571869084	0.0373157077206398	0.000312166867346581
"45"	4500	0.0375378489830874	0.0374170551387829	0.000310429105471828
"46"	4600	0.0376286075707982	0.0374750539271949	0.000296765917377326
"47"	4700	0.0375524763627533	0.0376429701020595	0.000292425499377101
"48"	4800	0.0375746348513205	0.037638165604643	0.000288358516741001
"49"	4900	0.0376252457144026	0.0376765786865086	0.000290373380153074
"50"	5000	0.0375983359174953	0.0376451665409883	0.000289545947609654
"51"	5100	0.0375979248612888	0.0376184230230498	0.000294340489556923
"52"	5200	0.0375995299704346	0.0375989549679334	0.000302474009288145
"53"	5300	0.037603195068143	0.037614187682225	0.000299748280691556
"54"	5400	0.0376183289033876	0.0375921633063114	0.000293195320704534
"55"	5500	0.037630142157051	0.0376369710015675	0.000286472487409236
"56"	5600	0.0376437049605175	0.0376562655154357	0.00028964956247764
"57"	5700	0.0376453569466556	0.0375932080436944	0.000286684224357204
"58"	5800	0.037666634753677	0.0376101963602631	0.000283363518885539
"59"	5900	0.0376163327124859	0.0376066191286893	0.000285752133756133
"60"	6000	0.0376025179987165	0.0375663935831345	0.000286638260130629
"61"	6100	0.0376211397988427	0.0376280344982074	0.000283184753398929
"62"	6200	0.0376366095001749	0.0376863373747208	0.000285854749827387
"63"	6300	0.0376636272828445	0.0376912560842294	0.000282129838385322
"64"	6400	0.0376935256924691	0.0377021691612434	0.000272380392652348
"65"	6500	0.0376238776923176	0.0377238753460054	0.000268089781894439
"66"	6600	0.0376346004571958	0.037686567761367	0.000257381397931813
"67"	6700	0.0375567508868714	0.0376708383357234	0.000259970529620598
"68"	6800	0.0376905428163101	0.0376708383357234	0.0002567820073837
"69"	6900	0.03772112497657	0.0376375167852523	0.000256652236295505
"70"	7000	0.0377090042580995	0.0376257415140724	0.000254084766744268
"71"	7100	0.0377300312265144	0.0376040403809984	0.000255991369696069
"72"	7200	0.0377273759841765	0.0376336974172688	0.000254102999657975
"73"	7300	0.0376559002959091	0.037662079752066	0.000257141476273204
"74"	7400	0.0375697297304734	0.0376591047233531	0.000262025115685185
"75"	7500	0.0375968119370372	0.0376540686716074	0.000263180522548723
"76"	7600	0.0375494375651878	0.0376660206431176	0.000264529084692225
"77"	7700	0.0375283278811411	0.0377491281707631	0.000266749886073593
"78"	7800	0.037572446013482	0.03772301590767	0.00026570900073028
"79"	7900	0.0375058996465974	0.037648705724806	0.000264533523999434
"80"	8000	0.0375685332844334	0.0377132341994913	0.000258976604503621
"81"	8100	0.0376447479445815	0.0377416719972169	0.000257834459896488
"82"	8200	0.037664745595519	0.0377504076482621	0.00026460507355558
"83"	8300	0.0376266373467003	0.037776167217738	0.00026141484985645
"84"	8400	0.0375590255705346	0.0377424769926334	0.00026035712383398
"85"	8500	0.0376531647072568	0.0377303590128241	0.000256456972364544
"86"	8600	0.0376383748087241	0.0377542069962672	0.000254775963424044
"87"	8700	0.0376027774997957	0.03785372138903	0.000262782898745667
"88"	8800	0.0376104862040775	0.0379149926626621	0.000258476112963107
"89"	8900	0.0376057575751568	0.0378998792278301	0.000257346627372137
"90"	9000	0.0376919053646931	0.0378704586899581	0.000251972552406527
"91"	9100	0.0377226817386908	0.0378571270129705	0.000250014397185241
"92"	9200	0.0377294475317673	0.0378259129381051	0.000254718606053188
"93"	9300	0.0377720481551203	0.0377600432045972	0.000247977785985147
"94"	9400	0.037738083365763	0.0377251644247689	0.000252162894909207
"95"	9500	0.0377398822497157	0.0376981595125701	0.000253571956634315
"96"	9600	0.0378261994080592	0.0376654727313013	0.000250314965853258
"97"	9700	0.0378629307829908	0.0376973124455149	0.000258524371075019
"98"	9800	0.0378550961819657	0.0377101151055845	0.000257131339099116
"99"	9900	0.037867914462861	0.0377434219863042	0.000261166674779016
"100"	10000	0.0379087281228721	0.0376967321078777	0.000261664704855571
"101"	10100	0.0378838050161227	0.0377368301821033	0.000262174304283159
"102"	10200	0.0379536522508084	0.0376817195566504	0.000262493428015978
"103"	10300	0.0379399601335581	0.0377060070556341	0.000267724967864848
"104"	10400	0.0379487234298604	0.0376412773539062	0.000265295344431168
"105"	10500	0.0379115957801987	0.0377328684095008	0.000266308806953569
"106"	10600	0.0378379010326366	0.0377827787796943	0.000256592633671487
"107"	10700	0.0379149235365179	0.0377629907981164	0.000261914468663877
"108"	10800	0.0378970847221618	0.0377879005433933	0.000262837394997031
"109"	10900	0.0378685136742768	0.0377954319740333	0.000265870934846055
"110"	11000	0.0378978875544108	0.0378137537291488	0.000265910763510714
"111"	11100	0.0378436847429022	0.0378161471709147	0.000261545519897436
"112"	11200	0.0378669892018207	0.0377500563165254	0.000264005667879469
"113"	11300	0.0379008247732052	0.0377702919863378	0.000263382811265435
"114"	11400	0.0379051260964055	0.0376720716814466	0.000264580389226633
"115"	11500	0.0379149045886973	0.0377094440535433	0.000267234855880835
"116"	11600	0.0378672355512828	0.0377361130563463	0.000278796587518987
"117"	11700	0.0378924756142498	0.0377796470745763	0.000270759523239369
"118"	11800	0.0378897938804703	0.0377477649622974	0.000268371234125976
"119"	11900	0.0380220712395439	0.037818171358824	0.000263718137100241
"120"	12000	0.0380335637749026	0.0377372902271531	0.000267633064056013
"121"	12100	0.0381291836218423	0.0376641069975154	0.000269009101083835
"122"	12200	0.0381461069737339	0.0376578772471945	0.000272760392296883
"123"	12300	0.0381056332889963	0.0378052107689842	0.00027599730908328
"124"	12400	0.0380442996369094	0.0379512948966824	0.000277767877001371
"125"	12500	0.0380551555768509	0.0380061143028554	0.000273325293389074
"126"	12600	0.0380370831359371	0.0379893929383836	0.00027285695768978
"127"	12700	0.0379498675784539	0.0380475135377428	0.000269968599711291
"128"	12800	0.0379466744458855	0.0380634905234175	0.000277643146766743
"129"	12900	0.0380335827055815	0.0380422190142412	0.000286383108361397
"130"	13000	0.0381366757678995	0.038004805521828	0.000283872458195393
"131"	13100	0.0380686350240508	0.038009799800294	0.000283445010208465
"132"	13200	0.0380761251470856	0.0380648342021687	0.000285304805542442
"133"	13300	0.0380663473140113	0.0381260205836131	0.000281908063409764
"134"	13400	0.0379958088030523	0.0381199162654607	0.000283138207482607
"135"	13500	0.0379868171638275	0.0380777665658144	0.00027689800998351
"136"	13600	0.038006497135441	0.0380509275638563	0.000275812209062945
"137"	13700	0.0381264475041606	0.0381461323348842	0.000268331440665696
"138"	13800	0.0381980506490492	0.0381602945692334	0.000269166526833624
"139"	13900	0.0382495863164286	0.0381614552102551	0.000268709281554959
"140"	14000	0.0382385828063072	0.0382019752262513	0.000264745898165464
"141"	14100	0.0381905222950895	0.0381699424251685	0.000273062193005366
"142"	14200	0.038111850708576	0.0381258632724513	0.000269482245658418
"143"	14300	0.0381297749712814	0.0381327613859058	0.000268212343509352
"144"	14400	0.0381191824563418	0.0381912026389222	0.000271259366948356
"145"	14500	0.0381278548450037	0.0381572185252097	0.000270885364752591
"146"	14600	0.0381304880856734	0.038140563373192	0.0002711086139629
"147"	14700	0.0381229352799697	0.0381974800676532	0.000266380357206695
"148"	14800	0.0381542990351538	0.0382254511988303	0.000262372605207936
"149"	14900	0.0381485564956775	0.0382649332338989	0.000266905226523366
"150"	15000	0.0382429445721475	0.0382560655944448	0.000264219557306608
"151"	15100	0.0382998907614773	0.0382999207160441	0.000271772518651323
"152"	15200	0.0383063115712194	0.0383758487038178	0.000265952539473024
"153"	15300	0.0382837876945807	0.038439958504431	0.000266814729659232
"154"	15400	0.0382909527147622	0.0385135900874886	0.000267216020115528
"155"	15500	0.0383328296002993	0.0384907033147691	0.000263613977893155
"156"	15600	0.0383293505124032	0.0385379955120173	0.000254814785459705
"157"	15700	0.0382972049576601	0.0385205305972907	0.000253168954275717
"158"	15800	0.038279963326068	0.0385246069019595	0.000248708391480027
"159"	15900	0.0382867683635427	0.0385960352927578	0.000243762039042124
"160"	16000	0.0383753859583279	0.0386635636119105	0.00024748976361405
"161"	16100	0.0383643075942561	0.038568281829045	0.000239203618820311
"162"	16200	0.0384526424007888	0.0386865069079356	0.000247874892521749
"163"	16300	0.0384154776140022	0.0387027446503306	0.000248487227254512
"164"	16400	0.0384471017745992	0.0387157939630895	0.000242554006104373
"165"	16500	0.0384206478374752	0.0386684049804258	0.000240108289918429
"166"	16600	0.0383971731208155	0.0386793863782081	0.000246496083328566
"167"	16700	0.0384173209200102	0.0385450924153602	0.000248909570694362
"168"	16800	0.038404906252827	0.0385139378674572	0.000248227707504865
"169"	16900	0.0383151740316466	0.038501673042214	0.000249630295914078
"170"	17000	0.0383645496873911	0.0385669828879455	0.000246200795687531
"171"	17100	0.0383919105069498	0.0385364150839973	0.00025048446550362
"172"	17200	0.0384727333057526	0.0385670483094381	0.000249492179902069
"173"	17300	0.0384219484128586	0.0385363067013906	0.000250444403635668
"174"	17400	0.0384407547863417	0.038520311267006	0.000246949191427022
"175"	17500	0.0384285349406508	0.0385678825736187	0.000241018175899546
"176"	17600	0.0383840488393152	0.03858009582094	0.000241774292242995
"177"	17700	0.0383893193363759	0.0386135680487939	0.000241272932702692
"178"	17800	0.0383899987365255	0.0387063837331757	0.000248276379738767
"179"	17900	0.0385029531343201	0.0388107323788008	0.000247782547040674
"180"	18000	0.0385428396514245	0.0386638395353246	0.000249831927874632
"181"	18100	0.0385011767239417	0.0386599959515517	0.000250110067194948
"182"	18200	0.0384950314576908	0.0386643792936615	0.000248455109057493
"183"	18300	0.0385402881794833	0.0386159806098878	0.000256597280707174
"184"	18400	0.0385795058662709	0.0386418453299122	0.000260212578522712
"185"	18500	0.038562422651627	0.0387021285006891	0.000252881090879854
"186"	18600	0.0386222034607086	0.0386943702272622	0.000259979027128786
"187"	18700	0.038641981863099	0.0386122795090256	0.000261494087989999
"188"	18800	0.0386725257708421	0.0386656574589085	0.000262695286154956
"189"	18900	0.0386800662248225	0.0387105083156576	0.000261289929056378
"190"	19000	0.0386698411571635	0.038756652705518	0.000261156380602466
"191"	19100	0.0387283148150556	0.0388373379283389	0.000257466972498701
"192"	19200	0.0387353674381793	0.0388039051069024	0.000265200261429376
"193"	19300	0.0387558454524432	0.0386655149314956	0.000266169051477913
"194"	19400	0.0387398288641415	0.0386415300841914	0.000265911800001957
"195"	19500	0.0387224052933001	0.0386397276831411	0.000266073401820765
"196"	19600	0.0386116745157977	0.0385970060483703	0.000270716575875933
"197"	19700	0.0387822211147421	0.0386022010680466	0.000261478051373592
"198"	19800	0.0387875248312901	0.0385854439841724	0.000264804929549243
"199"	19900	0.0388502148954711	0.0386863055576206	0.000274947313589526
"200"	20000	0.0388349125707456	0.0386530411271741	0.000269972171572266
"201"	20100	0.0388389379283744	0.0386627989299788	0.000271332505189455
"202"	20200	0.0387933076642584	0.0386797237822698	0.000270612475943069
"203"	20300	0.0388446786058581	0.0386651006435754	0.000273420204347349
"204"	20400	0.0389000939561976	0.0387529436329098	0.000268590217362209
"205"	20500	0.0389160133801635	0.0388769416346519	0.000266028853847226
"206"	20600	0.0390321892878603	0.038867044884016	0.000274529109887247
"207"	20700	0.0390537993943879	0.0389298131528598	0.000279532867368697
"208"	20800	0.0389902785250907	0.0388786961937277	0.000277485776006517
"209"	20900	0.0389736930678227	0.0388350317633043	0.000275582968850178
"210"	21000	0.0389998979977754	0.0388532426291385	0.000277070096390707
"211"	21100	0.0390859473098616	0.0389872518328895	0.000276835271364942
"212"	21200	0.0391403145032021	0.0389735973744211	0.000280476825990104
"213"	21300	0.0391706490928769	0.0390557771654614	0.000279234149900182
"214"	21400	0.0391766198771869	0.0390777630852856	0.000272852302383635
"215"	21500	0.0393233692236204	0.0390166560855388	0.000269541394623118
"216"	21600	0.0393745417149839	0.0390675163418495	0.000263526263726665
"217"	21700	0.0393668440486516	0.0391437407041186	0.000258755388396937
"218"	21800	0.0395053673535044	0.0391813976535775	0.000253233589233615
"219"	21900	0.0395202565825757	0.0391049861129971	0.000249686698642568
"220"	22000	0.0395335177917839	0.0391962355081248	0.00025463030172953
"221"	22100	0.0394713927337981	0.0391001168988464	0.000259317233762759
"222"	22200	0.0394647620766225	0.0391140322964678	0.000259973586924027
"223"	22300	0.0393948780011139	0.0391702464080996	0.000254644686683342
"224"	22400	0.0392764132935889	0.0391669520742022	0.000251267895215825
"225"	22500	0.0392057413850019	0.0391793968881071	0.000251306917044777
"226"	22600	0.0391715797583038	0.0391678133129355	0.000255729822883397
"227"	22700	0.0391418463045203	0.0393121317263552	0.000259949553303999
"228"	22800	0.0391995985569474	0.0393096827679972	0.00027590722523913
"229"	22900	0.039140122192495	0.0393359308550734	0.000281775556906145
"230"	23000	0.0390770225170897	0.0393159590780091	0.000281609756122015
"231"	23100	0.0390772573870516	0.0392495132698847	0.000285596322904362
"232"	23200	0.0390919067377484	0.0392494182961875	0.000286505061088568
"233"	23300	0.0391135620733503	0.0390780481547021	0.000287479060438923
"234"	23400	0.0390508375718885	0.03911790087151	0.000276732398540844
"235"	23500	0.0389665262495173	0.0391893523939538	0.000284479773331531
"236"	23600	0.0388966786617983	0.0391563290746311	0.000284181263497737
"237"	23700	0.0389018462460556	0.039139485165858	0.000282261758689629
"238"	23800	0.038816115569531	0.0390681587993698	0.000276035460298293
"239"	23900	0.0387483881573463	0.03905786593442	0.000285625254001368
"240"	24000	0.0387136145064799	0.0390445980565282	0.00027372228140997
"241"	24100	0.038757750000212	0.0389883154920019	0.000279568826182102
"242"	24200	0.0386924789161168	0.0390562402295869	0.000272649182771862
"243"	24300	0.0385704699296656	0.0390226542842639	0.00027179971317044
"244"	24400	0.0385756614795328	0.0389525601639397	0.000275233209014978
"245"	24500	0.0386310432912794	0.0388634788908648	0.000267436398641143
"246"	24600	0.0386583605338622	0.0388500073613542	0.000277023614922739
"247"	24700	0.0386661448449943	0.0389131958956064	0.000280955435883321
"248"	24800	0.0387549068747251	0.0388980369591779	0.000272044950009001
"249"	24900	0.0387021652959335	0.0388717094937308	0.000274490228058696
"250"	25000	0.038744502281982	0.0388298879962396	0.000273989513369818
"251"	25100	0.0386906690853925	0.0388360002929127	0.000275571482517035
"252"	25200	0.0386195784769016	0.0387944511449413	0.000276516743264892
"253"	25300	0.0385898111650251	0.0387905178404232	0.000275902145756034
"254"	25400	0.0386234397586523	0.0387395484394146	0.000278087142645059
"255"	25500	0.03858033312558	0.0387932483259868	0.00027948848260691
"256"	25600	0.0386177915399376	0.0388099515440821	0.00027686933057238
"257"	25700	0.0386034114085119	0.0387810968007372	0.00027875414115706
"258"	25800	0.0386203039221149	0.0387285771964419	0.000275741716045344
"259"	25900	0.0386361241154277	0.0387719748416824	0.000273368300248654
"260"	26000	0.0386681728816151	0.0388003597258436	0.000267855158039525
"261"	26100	0.0386671929043766	0.0388199366854588	0.00027144342449762
"262"	26200	0.0386829042044368	0.0388341648740336	0.000270269682732942
"263"	26300	0.0385096374185988	0.0389097746399275	0.00026785580354929
"264"	26400	0.0386541133026584	0.0389503447137287	0.000257932297299476
"265"	26500	0.038634349023064	0.0389849674258881	0.000264365620321347
"266"	26600	0.0386307395934602	0.0390390815074469	0.000266225992879734
"267"	26700	0.0386153681407	0.0390679012537355	0.000261273075676085
"268"	26800	0.03868142930721	0.0390503357925366	0.000258611152343025
"269"	26900	0.0387633631295644	0.0391234187331638	0.000259094952836064
"270"	27000	0.0387570014756726	0.0391929659709022	0.00024972330821249
"271"	27100	0.0387580331685742	0.0391609370151636	0.000253783144162925
"272"	27200	0.0387925883061455	0.0390630630438946	0.000248502750411172
"273"	27300	0.0388513684031382	0.0390792078869024	0.000249870884347416
"274"	27400	0.0389226716036891	0.0390492596328897	0.000255031151127964
"275"	27500	0.0389734019972245	0.0390252207035923	0.000254056345030551
"276"	27600	0.0390567550633715	0.039054473690174	0.000250088456526209
"277"	27700	0.0390688001179565	0.0389957832000913	0.000248055452367456
"278"	27800	0.038960619564217	0.0390414115180079	0.000246202992040967
"279"	27900	0.0388999870631912	0.0390028608782096	0.00024127699995516
"280"	28000	0.0389253591000985	0.0390060024087975	0.000242718946506711
"281"	28100	0.0389282050705351	0.0390284884777572	0.000242474359269337
"282"	28200	0.0389842081880212	0.0390184471574359	0.000244399606385998
"283"	28300	0.0389645219680201	0.0389903399164195	0.000247073990850099
"284"	28400	0.0389062847918157	0.0390787232779456	0.00024658622135173
"285"	28500	0.0388310775362934	0.0390925174416562	0.000264723577595335
"286"	28600	0.0388561272879668	0.0390578541501252	0.000263709372249621
"287"	28700	0.03888713882915	0.0390555275309069	0.000266714436726544
"288"	28800	0.0389293938194612	0.0390119219281803	0.000266136438018313
"289"	28900	0.0389424175838912	0.0391264393760869	0.000267961603931391
"290"	29000	0.0389636846357625	0.0391342821646171	0.000267460186896471
"291"	29100	0.0388897470784822	0.0390675293177464	0.000267712827901824
"292"	29200	0.0388649310311057	0.0390426139008386	0.000267182109416504
"293"	29300	0.0387989478820599	0.0390822971735277	0.000257214007870244
"294"	29400	0.0388244872643745	0.0391170120667701	0.000255278357030056
"295"	29500	0.038803694540401	0.0390845911620224	0.000254318229673438
"296"	29600	0.0387897268954334	0.0390981369545073	0.000259474445298292
"297"	29700	0.0387398621235252	0.038979400760901	0.000253286244170051
"298"	29800	0.0387408244125758	0.0390100484590506	0.000256531122281526
"299"	29900	0.0387899886729853	0.0390227906095412	0.000253704931194545
"300"	30000	0.038752810474399	0.0389142656821916	0.000253277797526715
"301"	30100	0.0387392975403335	0.0388356447963229	0.000264506562123602
"302"	30200	0.0388509466964174	0.0387563395070529	0.000257977276168291
"303"	30300	0.0387741088924664	0.0387318086891959	0.000261682757424658
"304"	30400	0.0388352308630259	0.03876316218976	0.000262619068504785
"305"	30500	0.0389569172963786	0.0388255263022189	0.000260671695311238
"306"	30600	0.0389690088068012	0.0390085404216838	0.000262399713106987
"307"	30700	0.0389210307702474	0.0390287234600284	0.000264990102344535
"308"	30800	0.0388726917007627	0.0390072711821129	0.00026687044787628
"309"	30900	0.038902808421728	0.0389911052887907	0.000266718191278205
"310"	31000	0.0388710156841356	0.0389608112341242	0.000271606649509857
"311"	31100	0.0388369021545536	0.0390669742670948	0.000281871322614569
"312"	31200	0.0387939570887721	0.0390533009017923	0.000286978856230125
"313"	31300	0.0387944143257043	0.038997803169057	0.000287960577238235
"314"	31400	0.0387726160467956	0.0390324142843236	0.000276552435532962
"315"	31500	0.0387874965376381	0.0390214447837541	0.000271281632591902
"316"	31600	0.0387942927732493	0.0389575694552822	0.000266313698748776
"317"	31700	0.0387618885448523	0.0389092767010451	0.000267580865764929
"318"	31800	0.0387593179176439	0.0389137732012093	0.000260660513015891
"319"	31900	0.038737004497109	0.038940763611511	0.000260885295611887
"320"	32000	0.0387186255940568	0.038940707511075	0.000259011479364614
"321"	32100	0.0387240414725622	0.0389113336189455	0.00026020558541968
"322"	32200	0.0387957210381777	0.0389367557490923	0.000260277927688286
"323"	32300	0.0387770784020103	0.0388545687188385	0.000263824592634802
"324"	32400	0.0388104099005403	0.0387650823914786	0.000272815918337793
"325"	32500	0.0388353304645668	0.0388052389326365	0.000275980104314031
"326"	32600	0.038863219431362	0.0388121599715282	0.000277106372000659
"327"	32700	0.0389115132381041	0.0388095753913133	0.000280195629795766
"328"	32800	0.0389321172069956	0.0387852555079132	0.000282682947597141
"329"	32900	0.0388556908348507	0.0388357891977303	0.000279273397864828
"330"	33000	0.0389387213959705	0.0388426786414723	0.000276371317865144
"331"	33100	0.0389120297345981	0.0388015405421864	0.000281219143275096
"332"	33200	0.0389547269062666	0.0387931288548189	0.000276510300711045
"333"	33300	0.038999207340713	0.038812802620747	0.00028088102443682
"334"	33400	0.0390302775882674	0.0389282286216823	0.000280150342348361
"335"	33500	0.0390384006933858	0.0389596426335948	0.000280905013830248
"336"	33600	0.0390699629742704	0.038924463368937	0.000272686817010905
"337"	33700	0.0392099413263598	0.0389548829291885	0.000271825240223384
"338"	33800	0.039266718441892	0.0390594276573455	0.000268841990372331
"339"	33900	0.039367378733367	0.0390278581905656	0.000272517241315272
"340"	34000	0.0393260575312849	0.0390231256335439	0.000269041928062551
"341"	34100	0.0393566759141969	0.0389624841126133	0.000270182837929575
"342"	34200	0.0393532479807077	0.0389188998178576	0.000270639830015744
"343"	34300	0.0392971251349087	0.0389348582452073	0.000270183718551732
"344"	34400	0.0393276351228956	0.0389488793626244	0.000275010274915103
"345"	34500	0.0393929555350692	0.0389444732780412	0.000279284259373369
"346"	34600	0.0394766402485476	0.0390215374122607	0.000279315541993717
"347"	34700	0.0394778490991464	0.0389547796967532	0.000271542608812044
"348"	34800	0.0394058191334637	0.0388325467700077	0.000267864742748214
"349"	34900	0.039359281369111	0.0388394456811524	0.000266714006138444
"350"	35000	0.0393745439757519	0.0388790171965936	0.000268617704275587
"351"	35100	0.0393866959979406	0.0388946849317112	0.000268837322453119
"352"	35200	0.0393472039881894	0.0389603050253587	0.000264275367839233
"353"	35300	0.0392926166035766	0.0389713318019566	0.000261700239966499
"354"	35400	0.0393116001707386	0.0390309111512728	0.000274442779791581
"355"	35500	0.0393548773591002	0.0389824308672217	0.00027194354734845
"356"	35600	0.0393851165453971	0.0389812664034925	0.000273177780612317
"357"	35700	0.0393617123192282	0.0389035376881579	0.000268510179418192
"358"	35800	0.0393569937473336	0.0388311042223488	0.000263688233407398
"359"	35900	0.0392916878902198	0.0388130888920711	0.000263097962524156
"360"	36000	0.039288418599699	0.0388017952376225	0.000263872877685825
"361"	36100	0.039372291954822	0.0387505555091205	0.000264970677493596
"362"	36200	0.0393748780552583	0.0387918959676023	0.000263671322753668
"363"	36300	0.039495674862148	0.0387889375949229	0.000259526820826895
"364"	36400	0.0394415525986915	0.0387161304061134	0.000261068653274271
"365"	36500	0.0394731415910222	0.0386815597371717	0.00026243069814817
"366"	36600	0.0394748797468011	0.0386777565107319	0.000249059708898093
"367"	36700	0.0394450014231125	0.0386268193631128	0.000254535513216185
"368"	36800	0.0393793135614257	0.0386988165350463	0.00025531798736678
"369"	36900	0.0394066298780593	0.0386597422455001	0.00026268626546352
"370"	37000	0.039451450391354	0.0387347209592651	0.000271586101890889
"371"	37100	0.0394912876499556	0.0386376118986421	0.000270153691812121
"372"	37200	0.0394430445078501	0.0387117285856907	0.000260090933877584
"373"	37300	0.0393953883913237	0.038650058161503	0.000255821371710504
"374"	37400	0.0393425669285432	0.0386177984382266	0.000255608868825956
"375"	37500	0.039305208141768	0.0386926283206514	0.000251076170462086
"376"	37600	0.0392755144816007	0.0386910694918488	0.000251496499177145
"377"	37700	0.0392206094131298	0.0387165758104653	0.000257851396187022
"378"	37800	0.0390745572104887	0.0387364775800525	0.000258995057407717
"379"	37900	0.0390487463013193	0.0387780504994541	0.000259565405065137
"380"	38000	0.0390327102905153	0.0387836069176592	0.000247872623527738
"381"	38100	0.0390423928160157	0.0387945993125828	0.000248910730986735
"382"	38200	0.0390631245017272	0.0387346616060632	0.000259185240255654
"383"	38300	0.0390377942525822	0.0385627788302264	0.000271101307723799
"384"	38400	0.0389255255465117	0.0385885712273973	0.000274191040755963
"385"	38500	0.0389266759089816	0.0386734601934336	0.000271526853907073
"386"	38600	0.0389768997588777	0.0386544824230494	0.000272800847121717
"387"	38700	0.038897539420073	0.0387032076010303	0.00028143998500381
"388"	38800	0.038976637676439	0.0387553546638334	0.000280590117115274
"389"	38900	0.0390232155885263	0.0387132035139545	0.000279385480992371
"390"	39000	0.0389658697862795	0.0385969345925282	0.000279592551400342
"391"	39100	0.0389961666262171	0.0386606011251453	0.000269496893708944
"392"	39200	0.0390108016614069	0.0386948696435726	0.000269309678449925
"393"	39300	0.0389952856433461	0.0387442584505847	0.000263036820782737
"394"	39400	0.039072641789211	0.0387848319928921	0.00027166207529851
"395"	39500	0.0391798307155326	0.0387711562143107	0.000269918099610191
"396"	39600	0.0392404616050095	0.0387854113943565	0.000273197471111713
"397"	39700	0.039257127221536	0.03881668088856	0.000264044996401733
"398"	39800	0.0391892424159493	0.0387933934198175	0.000271899947434361
"399"	39900	0.0393386951142508	0.0389863472547095	0.00026882892899808
"400"	40000	0.0393644714900429	0.039011464682971	0.000260492417014552
"401"	40100	0.0393665302671027	0.0390621422938336	0.000260279691380202
"402"	40200	0.0394675342889796	0.0391533351389694	0.00025868806775241
"403"	40300	0.039434020703505	0.0391789119168955	0.000262928746182982
"404"	40400	0.0393839079973055	0.0392707222496314	0.000258541034027418
"405"	40500	0.0393689970314088	0.03920007412257	0.000257097272394699
"406"	40600	0.0392107334111644	0.0391357655502129	0.000252859801233539
"407"	40700	0.0392978967395609	0.0391135566483346	0.000256995894302023
"408"	40800	0.0392661497709477	0.0390636249234038	0.000255684621310618
"409"	40900	0.0392098379276612	0.0389949755259949	0.00025850654354108
"410"	41000	0.0391991966112324	0.0390080224041887	0.000255113462801946
"411"	41100	0.0391510334215139	0.0390691772580768	0.00025833252834106
"412"	41200	0.0392146827476993	0.0390254224555032	0.000262530055355253
"413"	41300	0.0392086408875508	0.0390949107583549	0.000261151034536221
"414"	41400	0.0392351819331059	0.0390535602446962	0.000258494593738222
"415"	41500	0.0393180993258214	0.0390715776206674	0.000261682600078049
"416"	41600	0.0392269615671904	0.0391139282672273	0.000253757847802638
"417"	41700	0.0392932935406199	0.0391196217287443	0.000250051502125835
"418"	41800	0.0392859659068953	0.0392282670038342	0.000247148614516374
"419"	41900	0.0393114817568688	0.0392274925376439	0.000246875355074314
"420"	42000	0.0392934644467831	0.0392252088248331	0.000248091307818329
"421"	42100	0.0392599860292157	0.039243676406647	0.000249985185254436
"422"	42200	0.0393192296943614	0.0391296944486761	0.000246784551454176
"423"	42300	0.0393385497774157	0.0392107813775557	0.000248293790109628
"424"	42400	0.0393563319809674	0.0391844923076259	0.00024966791838792
"425"	42500	0.0393456886697628	0.039242635162386	0.000247967244782341
"426"	42600	0.0393518421557586	0.0392236644057897	0.000249276187299424
"427"	42700	0.0393522349545702	0.0392138423358959	0.000252639691887968
"428"	42800	0.0393774570585515	0.0392707946017594	0.00026288085173619
"429"	42900	0.0393876175432274	0.0392604045634097	0.000275843684829915
"430"	43000	0.0393913494910311	0.0392775769371751	0.000275392921248062
"431"	43100	0.0393701980114459	0.0392528576867199	0.000274397698274896
"432"	43200	0.0394975888395286	0.0392545922049104	0.000279889280109903
"433"	43300	0.039573259709949	0.0393086773109737	0.000269883077365782
"434"	43400	0.0396073979688386	0.0393814034991607	0.000278953281471381
"435"	43500	0.0396353194315999	0.0393528223551045	0.000282771303903995
"436"	43600	0.0395295454003263	0.0394261985444732	0.000283474787476738
"437"	43700	0.0394103136812021	0.0394519833970842	0.000279156641956951
"438"	43800	0.0394229437689105	0.0393203341108407	0.000282539718692081
"439"	43900	0.0394291808251912	0.0393778543970793	0.000277306974542566
"440"	44000	0.0394551751388723	0.0393067013005494	0.000279945298126539
"441"	44100	0.0394896328762046	0.0393330811207858	0.000272624433877045
"442"	44200	0.0394542406749707	0.0393051094027758	0.000276775906580955
"443"	44300	0.0394236463877852	0.0393399102326994	0.000274280950763833
"444"	44400	0.0393829842774088	0.0393944922712683	0.000273615314705596
"445"	44500	0.0394033735835545	0.0394298690631844	0.000281005744034417
"446"	44600	0.0393095919231994	0.0394468828021966	0.000287515321050259
"447"	44700	0.0393956012167368	0.0394385031995452	0.00028938732709054
"448"	44800	0.0392984379489229	0.0395244140655682	0.000290835277267048
"449"	44900	0.0392841312602274	0.0395236647142392	0.000287464309298289
"450"	45000	0.0392210888815319	0.0394299106759172	0.000284978741021912
"451"	45100	0.0392701237509477	0.0395704548034205	0.000297154748826237
"452"	45200	0.0392701584594258	0.0396160003087937	0.000295511335701064
"453"	45300	0.0393969656314483	0.039602505104438	0.000287691530405227
"454"	45400	0.0393421235535754	0.0396721488970807	0.000285385469705215
"455"	45500	0.0393241801957119	0.0396817545750401	0.000287966985119297
"456"	45600	0.0394354637754573	0.0397118945587518	0.000295226329630139
"457"	45700	0.0394057715390789	0.039599651789129	0.000294018277227814
"458"	45800	0.039521970372275	0.0397260773322845	0.000283818423054169
"459"	45900	0.0395452392311889	0.039728407580706	0.000282291820119514
"460"	46000	0.0394925278092971	0.0396810656140759	0.000278459409239575
"461"	46100	0.0394995563993375	0.0396074000427552	0.000280973495608262
"462"	46200	0.0394813294884727	0.039637749315649	0.000282730067298022
"463"	46300	0.0394837364046696	0.0396599584644194	0.000295038702495789
"464"	46400	0.0394856048056032	0.0396469135440406	0.00028894580039195
"465"	46500	0.0395479393354581	0.0397448238419123	0.000279292339969722
"466"	46600	0.0395763338566209	0.0396740399081479	0.000284136885838756
"467"	46700	0.0395811020484311	0.0395606497572484	0.000285396071478822
"468"	46800	0.0395647960366059	0.0395830837235544	0.00028006747513893
"469"	46900	0.0396278439958471	0.0396043842150771	0.000278662449347889
"470"	47000	0.039582249594625	0.0395318567638626	0.000271316690144275
"471"	47100	0.0395045280782642	0.0395154458419867	0.000275020087832136
"472"	47200	0.039434147655569	0.0394625710270484	0.000258690577329243
"473"	47300	0.0394008103925356	0.039566414825882	0.000262244501346646
"474"	47400	0.0395957991180315	0.0396019426197183	0.000255547534239041
"475"	47500	0.0395710892286852	0.0397506200550472	0.000260418319503744
"476"	47600	0.0396316275403141	0.0397103436761879	0.000265505574803986
"477"	47700	0.0397232837544591	0.039701375558705	0.000260679074958393
"478"	47800	0.0398280577827531	0.0398227162221948	0.000263887155235012
"479"	47900	0.0398502870521648	0.0398866844289545	0.000265657241633612
"480"	48000	0.0399232246957838	0.0399142441947661	0.00025635537301877
"481"	48100	0.039928315449183	0.0398893404492243	0.000257589153252034
"482"	48200	0.0399097816956062	0.0398345623602674	0.000257888540742732
"483"	48300	0.040039465667557	0.0398187658882493	0.000262003899530294
"484"	48400	0.0401118169773025	0.0398978786111462	0.000257366646359171
"485"	48500	0.0402188697619554	0.0399777380621126	0.000259860581713547
"486"	48600	0.0400804564370165	0.0399917962125678	0.00026240080985781
"487"	48700	0.0400922023004063	0.0399588293161705	0.000263129285825435
"488"	48800	0.0400976930334051	0.0400377731149355	0.000264721427245665
"489"	48900	0.0401405090796246	0.0400302828414388	0.000268218555076056
"490"	49000	0.0402308773822959	0.0400587165566213	0.000262219596900488
"491"	49100	0.0402423968755206	0.0400727888050553	0.000267166114820003
"492"	49200	0.0401521129213169	0.0400506186732015	0.000265009372350838
"493"	49300	0.0402165710319976	0.0399800276883607	0.000267874969360943
"494"	49400	0.0402035788922285	0.039954037976852	0.000262769643642912
"495"	49500	0.0401946364221101	0.0399756467112678	0.0002652804431374
"496"	49600	0.0402397298683434	0.0401105066030648	0.000270204312117977
"497"	49700	0.0402655821199669	0.0401321318755161	0.000263888938598472
"498"	49800	0.0402700362744646	0.0401306909832257	0.000264739373243329
"499"	49900	0.0402903710979115	0.0401568648531542	0.000269524504894901
"500"	50000	0.0401765645869272	0.0400909822537854	0.000262523570556452
"501"	50100	0.0402981547422779	0.0400884152789409	0.000268100088561954
"502"	50200	0.0403228149059511	0.0400383150901542	0.000261566938323684
"503"	50300	0.0403951220835085	0.0400227443136947	0.000260255453272537
"504"	50400	0.0403852879782803	0.0400630435661353	0.000263342155725711
"505"	50500	0.0404084325978604	0.0400572705108805	0.000267986197714311
"506"	50600	0.0404470460943451	0.0400391356828707	0.000263324025806283
"507"	50700	0.0405099050334443	0.040068347692168	0.000257886065093862
"508"	50800	0.0404717891913855	0.0399713331421359	0.00026377427265227
"509"	50900	0.0406238610226091	0.0400932422291234	0.000271108090085921
"510"	51000	0.0406470047031465	0.0400477126561095	0.000267568388630218
"511"	51100	0.040637488473541	0.0401296064462659	0.000271987664853786
"512"	51200	0.0406474732946613	0.0401594438102719	0.000261478552295881
"513"	51300	0.0406513983470317	0.0401150057105976	0.00025777572499323
"514"	51400	0.040617044391347	0.0401049244240771	0.000262659965180031
"515"	51500	0.0406635624197126	0.0401010934653747	0.000267713709389464
"516"	51600	0.0407603336831003	0.0401199959190726	0.000272559491186637
"517"	51700	0.0407589424691698	0.0402924565120706	0.000265599406802186
"518"	51800	0.0407662472247641	0.0403032730176041	0.000266975710847226
"519"	51900	0.0407356568363262	0.0403293480693083	0.000264879230658625
"520"	52000	0.0406757385275874	0.0402915112444672	0.000263884117139075
"521"	52100	0.0406676849048613	0.0402969320529772	0.000267660066130817
"522"	52200	0.0407714598734787	0.0402145803584692	0.000254103760541244
"523"	52300	0.0407552079694103	0.040178275564919	0.000257377667808758
"524"	52400	0.040817360511767	0.0400856895819211	0.000250297871633764
"525"	52500	0.040821680345905	0.040095926059584	0.000245887936841624
"526"	52600	0.0407752788495294	0.0401034485448898	0.000247178955274818
"527"	52700	0.0407834119657261	0.0400881826102927	0.000246705966198405
"528"	52800	0.040824385642552	0.0401301398067919	0.00024126097552442
"529"	52900	0.0407876388284243	0.0401952844273493	0.000237683778149299
"530"	53000	0.0408092884821336	0.0401794154578143	0.000237775602215383
"531"	53100	0.0407233710948902	0.0402341872367484	0.000244850255425908
"532"	53200	0.0406603487316763	0.0401813316785973	0.00024045517063527
"533"	53300	0.0407340996039288	0.0401813405298859	0.000248839584033408
"534"	53400	0.0407555730291866	0.0401885428419467	0.000247804377192795
"535"	53500	0.0407499787898715	0.0402070658372547	0.000243035120072087
"536"	53600	0.040749444112738	0.0401853129724339	0.000236993832677619
"537"	53700	0.0407428553047767	0.0401363747905725	0.000236202395260172
"538"	53800	0.0408034938992363	0.0400365144301477	0.00023048587142862
"539"	53900	0.0408516191028687	0.0400300045705837	0.000231191934517648
"540"	54000	0.0408149369056865	0.0400424828087658	0.000228845585138165
"541"	54100	0.0408253842925126	0.0400840822760547	0.000230012496912584
"542"	54200	0.0409054716196021	0.0400542296651743	0.000232184006876331
"543"	54300	0.0409763418198927	0.0400611856585955	0.000236813937809959
"544"	54400	0.0410081185203868	0.0401452365888672	0.000243789897626617
"545"	54500	0.0410513976301015	0.0402490801734826	0.00024640364265739
"546"	54600	0.0410501865634893	0.0402272638977715	0.000248260322153449
"547"	54700	0.0410468745694263	0.0401790574263108	0.000245984536126151
"548"	54800	0.0410021044040268	0.0401689441594734	0.000252694774743881
"549"	54900	0.040993165529845	0.0402020838504778	0.000254585570191324
"550"	55000	0.0409355948880917	0.0402048243777769	0.000252073764981754
"551"	55100	0.0408149662358979	0.0402223390917976	0.000240314817447746
"552"	55200	0.0409125827940037	0.0401834994697381	0.000242793914743151
"553"	55300	0.0409218322892716	0.0401828202605243	0.000245676893874226
"554"	55400	0.0408328483909955	0.0401802303247924	0.000249319589883482
"555"	55500	0.0409603870919058	0.0401783787309443	0.000247709174466665
"556"	55600	0.0409693810015216	0.0402284072914192	0.000251941740877864
"557"	55700	0.040979763727184	0.0402275502693318	0.000251349359054056
"558"	55800	0.0408528422809054	0.0402217435574276	0.000252797762809966
"559"	55900	0.040773074234852	0.0403189312965943	0.000254984606016258
"560"	56000	0.040882592669035	0.0403431358065187	0.000261782356996013
"561"	56100	0.0408173918408173	0.0403702294226136	0.000254618288842544
"562"	56200	0.0407940396233635	0.0403657463581256	0.000252637679573439
"563"	56300	0.04069209465494	0.0403759143123168	0.000258911626196491
"564"	56400	0.040811910943206	0.0403821417666742	0.00025946860160417
"565"	56500	0.0407833118479633	0.0403217442375884	0.0002590594347467
"566"	56600	0.0407790706189744	0.0403947879528143	0.000257676590062281
"567"	56700	0.0407762929287945	0.0403758527706371	0.000262587685246417
"568"	56800	0.0408090197204027	0.0403867323246637	0.00026521201044612
"569"	56900	0.0408302384234342	0.0404356595512638	0.000267373275073995
"570"	57000	0.0408170931553373	0.0404370666522726	0.000266097321470945
"571"	57100	0.0409060509552569	0.0403689984042608	0.000263230199657036
"572"	57200	0.0409865583724291	0.0404490211701107	0.000260378305341507
"573"	57300	0.0410345194065517	0.0404179625059143	0.000263600870125395
"574"	57400	0.0410471166983616	0.0403663241181402	0.000270455961125896
"575"	57500	0.0410163984008864	0.0403687254547872	0.000267966402240139
"576"	57600	0.040968773138695	0.04038793507095	0.000265405763625692
"577"	57700	0.0409349105085447	0.0403680247999261	0.000259928817761427
"578"	57800	0.0409371985106443	0.0404699607380125	0.000264457298066457
"579"	57900	0.0409587886841829	0.0406336305426461	0.000271025715283798
"580"	58000	0.0408873901119975	0.0405469500776989	0.000265225539070816
"581"	58100	0.0408994551723619	0.0405799094299526	0.000260137571358045
"582"	58200	0.0408773241084313	0.0406148756062804	0.000254286284343162
"583"	58300	0.0408541909509728	0.0407621815302164	0.000267958217052099
"584"	58400	0.040772891285518	0.0407566196459922	0.000268689625803016
"585"	58500	0.0407462386290089	0.0407534183829138	0.000277921624147863
"586"	58600	0.0405801628427156	0.0406621738554051	0.000264434971180571
"587"	58700	0.0406567932202624	0.0406391813060658	0.00025630453347989
"588"	58800	0.0406490553231367	0.0406121350901469	0.00025703528254064
"589"	58900	0.0406692584673162	0.040642199926129	0.000252558013684623
"590"	59000	0.0406201010084401	0.0405982543057956	0.000258516100199258
"591"	59100	0.0406285431532974	0.0405777249993057	0.000255652265373221
"592"	59200	0.0406449478641632	0.0406396095563979	0.000251843385078614
"593"	59300	0.0405759731830218	0.0406427264518941	0.000248145415370286
"594"	59400	0.0405725182929372	0.0405705474372641	0.000250023492630359
"595"	59500	0.0405832535671395	0.0404630740672706	0.000240438954966002
"596"	59600	0.0405090566385187	0.0404673137103116	0.00024209019677881
"597"	59700	0.0405009980766513	0.0403929976011635	0.000245652708223344
"598"	59800	0.0405427089188538	0.0403728066910684	0.000247938566587335
"599"	59900	0.0405523292089183	0.04039400717223	0.000250422697822811
"600"	60000	0.0405827470883217	0.0403970473927906	0.000254334915085917
"601"	60100	0.0406517516148262	0.0403404558808163	0.000260769686762712
"602"	60200	0.0406306142829498	0.0403298019450904	0.000260449136783636
"603"	60300	0.0406484201038139	0.0403027288761126	0.000253805846961566
"604"	60400	0.0406653707706488	0.0403640892808697	0.000253228041752302
"605"	60500	0.0406923951803047	0.040309070285434	0.00025314730810835
"606"	60600	0.0405790425536416	0.040345734399925	0.000255122260884395
"607"	60700	0.0406119037714247	0.0402922414176936	0.000257285523697873
"608"	60800	0.0406334524507828	0.0403107253823963	0.000257600743071695
"609"	60900	0.040637397669234	0.0403091586282879	0.000259126553691457
"610"	61000	0.0406591883507315	0.0403668351067111	0.000254329642289086
"611"	61100	0.040649201133309	0.0404755789054827	0.000253240432237358
"612"	61200	0.0406824029412203	0.0405254786905999	0.000248122065113115
"613"	61300	0.040632978528304	0.0405105979122763	0.00024905152541772
"614"	61400	0.0406751261019675	0.040604293480183	0.000252508199697604
"615"	61500	0.0407450239741774	0.0405483220313239	0.000250385047021291
"616"	61600	0.0406891195379767	0.0405232824321335	0.000247169135219004
"617"	61700	0.0407056847432856	0.0405253895808241	0.000245729425122628
"618"	61800	0.0407213286777873	0.0404756582769207	0.000244258399247422
"619"	61900	0.0406303088431952	0.0404617370301729	0.000247377223084876
"620"	62000	0.040608089382721	0.040405264559249	0.000251765510201392
"621"	62100	0.0406161176164644	0.0403601360495487	0.000257610442743712
"622"	62200	0.0406200464560084	0.0404090296761767	0.000255290307994276
"623"	62300	0.0406334236745457	0.0404247395333727	0.000249365512081191
"624"	62400	0.0406030542971387	0.0404133679003517	0.000249020399997815
"625"	62500	0.040612686813487	0.0403034306827562	0.000253584493765617
"626"	62600	0.0406236978352186	0.0404650009054839	0.000243419833259915
"627"	62700	0.0406516595678923	0.0404301285407804	0.000252223870786158
"628"	62800	0.0406448052934855	0.0403838935746535	0.00025526125483558
"629"	62900	0.040654633524581	0.0404557450275212	0.000263110853011852
"630"	63000	0.0407114853423891	0.0404114050979132	0.000254987559674538
"631"	63100	0.0406712755949366	0.0403414034889906	0.000252271554574027
"632"	63200	0.0405934046166011	0.0403673805501648	0.000253699949906133
"633"	63300	0.0406037486454067	0.0404717885895449	0.000257722359199003
"634"	63400	0.0407423252282873	0.0407820766446274	0.000255844377685321
"635"	63500	0.0407361651244881	0.0407201798497371	0.000255269714115112
"636"	63600	0.0407156843109125	0.0406953935105287	0.00025471057174439
"637"	63700	0.0407190870478367	0.0407020804469386	0.000255861811278688
"638"	63800	0.0407501419256766	0.0407437155627789	0.000262811398234744
"639"	63900	0.0407917278175116	0.0407825463244008	0.000260854806696544
"640"	64000	0.0406931832825297	0.0408454241095307	0.000263191139668265
"641"	64100	0.0406915076051129	0.0408325797102407	0.00026255873707051
"642"	64200	0.0406373496051483	0.040822905019686	0.000261316087287155
"643"	64300	0.0406903609766087	0.0408173763537108	0.000252009105082991
"644"	64400	0.04072483622232	0.0408822458575874	0.000246158385644511
"645"	64500	0.0407814311578431	0.0408960499121197	0.000244689255450878
"646"	64600	0.040841109752523	0.0408181967382847	0.000238519576153294
"647"	64700	0.0407718770948773	0.040839758144299	0.000228910103517776
"648"	64800	0.0408236386594516	0.0407581465274971	0.000233289608432043
"649"	64900	0.0408076400689295	0.0407836532340098	0.000233537923842353
"650"	65000	0.0409019826775446	0.0407801320152994	0.000234621446451209
"651"	65100	0.0409116661482307	0.0407976922416688	0.00024096376392226
"652"	65200	0.0408777662147274	0.0407664583235778	0.00022785298725285
"653"	65300	0.0408763987453486	0.0407373548882686	0.000231949402578309
"654"	65400	0.0408614883386868	0.0407042571433476	0.000246206085418686
"655"	65500	0.0408035921799654	0.0407375182501991	0.000241810948341805
"656"	65600	0.0408169236713697	0.0407483749889157	0.00024214526650682
"657"	65700	0.0408352637660237	0.0408367222327765	0.000246536194790257
"658"	65800	0.0408411187636721	0.0407973120462951	0.000249879245673815
"659"	65900	0.0407431098675878	0.0407730298899461	0.000248394086184856
"660"	66000	0.0407182420767412	0.0408353016333967	0.000245781520780282
"661"	66100	0.0407286700697693	0.0407784014389385	0.000250408486355586
"662"	66200	0.0407472027213433	0.0407173247058679	0.000247406810511148
"663"	66300	0.0406569617423363	0.0407619622173457	0.00024707038268959
"664"	66400	0.040704129218049	0.040753171080436	0.000236924692542407
"665"	66500	0.0408006873823663	0.0407511751405993	0.000242982455592481
"666"	66600	0.0407805609910854	0.0408139116627087	0.000239370681441629
"667"	66700	0.0407757433799407	0.0408337572814495	0.000235220520043873
"668"	66800	0.0407968489894688	0.0408437424088573	0.000230923656126817
"669"	66900	0.0409227567560291	0.0409538392832841	0.000240989303719755
"670"	67000	0.0409913995570522	0.0410218188027735	0.00024303271969204
"671"	67100	0.0410390675004172	0.0410797688014733	0.000243837055658604
"672"	67200	0.0410600426122795	0.0410666309314802	0.00024738708193768
"673"	67300	0.041122311612191	0.0411351306309587	0.000244724146003071
"674"	67400	0.0411406573086626	0.0411798691495909	0.000246905075764628
"675"	67500	0.0411796892350698	0.0411921255057441	0.000248113970463757
"676"	67600	0.0411757230321386	0.0412654239922751	0.000249383259164135
"677"	67700	0.0411993558044538	0.0412760768977299	0.000254929250801623
"678"	67800	0.0411288030724348	0.0410909085320203	0.000268126172716087
"679"	67900	0.0411551699236302	0.0410579941699627	0.000262694058466198
"680"	68000	0.0411456975848349	0.04094184636895	0.000265622837485905
"681"	68100	0.0410839739499976	0.0409623652372521	0.000269119746455712
"682"	68200	0.0410415393255885	0.0409984711793304	0.000266981153005685
"683"	68300	0.0409951976071627	0.0410096428330591	0.000265864130690721
"684"	68400	0.0410770166220384	0.0409955799254815	0.000272721892289018
"685"	68500	0.0410721446744449	0.0409876199143906	0.000277859436286395
"686"	68600	0.0411346494183742	0.0409502561222867	0.000272262943107434
"687"	68700	0.0411169288730359	0.0409593998371236	0.00027591126679009
"688"	68800	0.041118992985828	0.0410039511606462	0.000270872936240989
"689"	68900	0.0411774453167452	0.0410399085904456	0.000263585471702816
"690"	69000	0.0411537403329534	0.0410078129501971	0.00026129950332664
"691"	69100	0.0411747827324004	0.0409882052690159	0.000251348727564571
"692"	69200	0.0411607569676869	0.0409759809210197	0.000251795128279497
"693"	69300	0.0411805182778779	0.040899989160128	0.000251532519733898
"694"	69400	0.041211549327446	0.0408543023892899	0.000256883396637822
"695"	69500	0.0412084687322875	0.0408130070689764	0.000258781246933832
"696"	69600	0.0413285990414352	0.0407752594324521	0.000261567004447323
"697"	69700	0.0413501998836492	0.0407512618215358	0.00025861731968699
"698"	69800	0.0413890554757247	0.0407530779728574	0.000260911045021591
"699"	69900	0.04142384547336	0.040786520167684	0.000260758892996562
"700"	70000	0.041425041891025	0.0408907486411938	0.00026213184881644
"701"	70100	0.0414348555239097	0.0408551776908836	0.000271130755923855
"702"	70200	0.0414252692421959	0.0410191609351215	0.000269639253508646
"703"	70300	0.0414559281212223	0.0409245500971438	0.000264139986314913
"704"	70400	0.0414757191605462	0.040954987028779	0.000261409027791183
"705"	70500	0.0413620681205132	0.041007366055157	0.00025694525604684
"706"	70600	0.0413907106587569	0.0409789959477399	0.000262787764536937
"707"	70700	0.0413438249614596	0.0409169591665322	0.000253972043233399
"708"	70800	0.0414680421774956	0.0409183293256388	0.000254592641165532
"709"	70900	0.0414712643222755	0.0408592702968005	0.000253661040603907
"710"	71000	0.0414767756065675	0.0409166907987287	0.000260394299649778
"711"	71100	0.0414754841360416	0.0409933458129923	0.000252572696804694
"712"	71200	0.0415149808579645	0.0410867436617992	0.000253179414400915
"713"	71300	0.0415100388044859	0.0411121284255126	0.000252579915418947
"714"	71400	0.0415235579356132	0.0411684283407997	0.000260759708010031
"715"	71500	0.0415842253280557	0.0414655727380645	0.00025966625178314
"716"	71600	0.0416704099804775	0.0414218548338966	0.0002582226317227
"717"	71700	0.0416984400400215	0.0414942363669973	0.000268547393801252
"718"	71800	0.0417030962609342	0.0415836955129629	0.0002701016672685
"719"	71900	0.0416829387157618	0.0415743142889532	0.00026983154707245
"720"	72000	0.0418261713361594	0.0416504252720596	0.000272198276965122
"721"	72100	0.0418521676817264	0.0416948035298209	0.000264161504119395
"722"	72200	0.0419988286141373	0.0416848364735684	0.000262242618850218
"723"	72300	0.04206295976306	0.04170539268431	0.000265801338686211
"724"	72400	0.0421525353985685	0.0416725758679289	0.000265878631716878
"725"	72500	0.0420377809401808	0.0415676047662599	0.000265061555497007
"726"	72600	0.0419510235381922	0.041684393860035	0.000254163148288791
"727"	72700	0.0419274834578044	0.0416701357849553	0.000248826021143254
"728"	72800	0.041923202134466	0.0417986135294014	0.000251374882099919
"729"	72900	0.0419372185882491	0.0417879647282583	0.00024526974654342
"730"	73000	0.0419949754209413	0.041781727001959	0.000243944948308568
"731"	73100	0.041979120115847	0.0417314690564479	0.000244869654064613
"732"	73200	0.0420198389083342	0.0417035878232505	0.000248198067313427
"733"	73300	0.0419190370095929	0.0416711513518718	0.0002540341714024
"734"	73400	0.0419788874432933	0.0416694735601996	0.000257465172907358
"735"	73500	0.04196069825543	0.0417347559422236	0.000256631747555284
"736"	73600	0.0419502784807176	0.0418407919327599	0.000252333280684912
"737"	73700	0.0419254614604854	0.0418981853193323	0.000255284895146995
"738"	73800	0.0418722323742253	0.0419436495710869	0.000259985995875115
"739"	73900	0.0417872136449338	0.0418647945642812	0.000252463873316545
"740"	74000	0.0418318632846037	0.0418185242446245	0.000259359610102657
"741"	74100	0.0417771424993686	0.0418052814965024	0.00025438876851073
"742"	74200	0.0417909505561826	0.0418186278143851	0.000250701715054653
"743"	74300	0.0417719220067248	0.0417925856576306	0.000249202961110731
"744"	74400	0.0418508103389382	0.0420188865054108	0.000245610562069993
"745"	74500	0.041947247349666	0.0420487549681946	0.000250460154106037
"746"	74600	0.0419253228917287	0.0420391251923316	0.000259627079833668
"747"	74700	0.0419955515708139	0.0420366223294259	0.000261533192719242
"748"	74800	0.0420641915697585	0.0420088333291368	0.000261504513382049
"749"	74900	0.0419539259228047	0.0419343120403451	0.000271229325232207
"750"	75000	0.0419012270032544	0.0418525391265633	0.000270652443273672
"751"	75100	0.0419045778306441	0.041819033439372	0.000266742586359083
"752"	75200	0.0418638486455109	0.0418019835577406	0.000260588414210577
"753"	75300	0.0419265188002596	0.0416687156913216	0.000251002243501454
"754"	75400	0.0419280195334224	0.0418483216569626	0.00026041418119964
"755"	75500	0.0419346665614321	0.0418179374200484	0.000260188607485971
"756"	75600	0.0419863622595722	0.0419893936736178	0.000263060280791766
"757"	75700	0.0420694899163461	0.0420306127386956	0.000260319280880888
"758"	75800	0.0420715143439608	0.0419933852438085	0.000261591465255991
"759"	75900	0.0421320269310641	0.0419932996077011	0.000258016286781597
"760"	76000	0.04212848485911	0.0420216034670644	0.000254933898753125
"761"	76100	0.042132475912801	0.0419837768600566	0.00025335784461685
"762"	76200	0.0421042504847058	0.0419744466935137	0.000252720927332992
"763"	76300	0.042027354514914	0.0419871247814375	0.000265506671118522
"764"	76400	0.0419699752085606	0.0419726538139943	0.000268791714609406
"765"	76500	0.0420178399343699	0.0419816402795724	0.000271361805486253
"766"	76600	0.0420780581046475	0.0418717995322463	0.000263836650529333
"767"	76700	0.0419533142930506	0.0419790394448737	0.000259268408575209
"768"	76800	0.0419074596462383	0.0420108545028437	0.000262225565120969
"769"	76900	0.0419178386408458	0.0420240987088045	0.000264049085287055
"770"	77000	0.0419012757169849	0.0420515456738832	0.000263145491829527
"771"	77100	0.0418568693435485	0.0420300505344538	0.000267818560656775
"772"	77200	0.0416910198097815	0.0419554548068896	0.000260499043913365
"773"	77300	0.0416787955342845	0.041917018952711	0.000275959689175401
"774"	77400	0.0416655243745097	0.0419225974211093	0.000271364576899386
"775"	77500	0.0416620353776341	0.0419326392838808	0.000269517138222374
"776"	77600	0.0418067987867228	0.0418567959861737	0.000256784425564339
"777"	77700	0.0418512668903241	0.0418424561037078	0.000249650966878907
"778"	77800	0.0419115224371604	0.0418647643947415	0.00025674840828997
"779"	77900	0.0419223979278678	0.041984729082607	0.000257350267434294
"780"	78000	0.0419149780622976	0.0418874812925959	0.000262845837968672
"781"	78100	0.0420302333127961	0.0418194085764968	0.000259385565170285
"782"	78200	0.0420740668124812	0.0418714132582673	0.000268935207105106
"783"	78300	0.0419974223690991	0.0419929689186298	0.000261174468166356
"784"	78400	0.0420286515948926	0.0419501328992899	0.000264362626426789
"785"	78500	0.0421426581478305	0.0420265777465207	0.000260147413310026
"786"	78600	0.0421833404916337	0.0419456648712383	0.000259986490987556
"787"	78700	0.0422106267735445	0.0418574593908507	0.00026109552685775
"788"	78800	0.0420905533391889	0.0418629245761257	0.000258817327054938
"789"	78900	0.0421062790933222	0.041919287362421	0.000260895092323719
"790"	79000	0.0420442701081764	0.0420224468770865	0.00025609611423982
"791"	79100	0.0419512883278526	0.0420687529353045	0.000264489986356886
"792"	79200	0.0420174924593439	0.0420185208184168	0.000261821077758321
"793"	79300	0.0420347852165741	0.0420252044201467	0.000245985013632903
"794"	79400	0.0420603552700661	0.0420408603943262	0.00025572560334407
"795"	79500	0.0421619607940121	0.041999564513357	0.000257778558095073
"796"	79600	0.0422144934562348	0.0419032225208348	0.000259196991304434
"797"	79700	0.0422331194425803	0.0418637806772039	0.000259532825467832
"798"	79800	0.0422586444440111	0.0418115607912479	0.000251121458313646
"799"	79900	0.0422546928536043	0.0418700254272395	0.000251906030979901
"800"	80000	0.0422461287945947	0.0418586512313032	0.000250282434953154
"801"	80100	0.0422440789090885	0.0418785306729698	0.000247911909307447
"802"	80200	0.0422106288208922	0.0418596954954737	0.000247875350062629
"803"	80300	0.0422753700168366	0.0418109423779289	0.000253255750611273
"804"	80400	0.042148931993582	0.0418497003612837	0.000254684828717031
"805"	80500	0.0421690384280782	0.0418534821626743	0.000254549986655594
"806"	80600	0.0421523019769923	0.0418377314523574	0.000254478631856542
"807"	80700	0.0421026261884089	0.0418649452155881	0.000256647364443949
"808"	80800	0.0422242433629326	0.0418689777029453	0.00025079851842463
"809"	80900	0.0422547973356378	0.0419044268013904	0.000243377240084842
"810"	81000	0.0422687806617564	0.0419367254705193	0.000247373862708238
"811"	81100	0.0422398192851344	0.0419262183962068	0.000250939150448028
"812"	81200	0.0422027462481615	0.0420076939327972	0.000255738730874536
"813"	81300	0.0421972200032477	0.0421078566593762	0.000248459397228901
"814"	81400	0.042264776447067	0.0421029301421869	0.000257733499172026
"815"	81500	0.042284044568978	0.0421280521695362	0.000256510922334539
"816"	81600	0.0423333046066454	0.0421356463465648	0.00026065316305883
"817"	81700	0.0423452531241263	0.0420012130132229	0.000254711968143383
"818"	81800	0.0423850837281136	0.0420904620663463	0.000256370445849376
"819"	81900	0.0424395604658681	0.041954819147591	0.000251359866133426
"820"	82000	0.0424655641617162	0.041959555909438	0.000252271246637425
"821"	82100	0.0424701741293827	0.0419855721679735	0.000257111188838064
"822"	82200	0.0424753336015353	0.0420677740943929	0.000263472070798899
"823"	82300	0.0424873152796498	0.0421193931756698	0.000261816277757054
"824"	82400	0.0423752282513282	0.0421692191437406	0.000255406528153874
"825"	82500	0.0423941774424614	0.0422072727583276	0.000262826852322325
"826"	82600	0.0423308327965354	0.0421423720101514	0.000259062553919427
"827"	82700	0.0423029337360483	0.0421549923035409	0.000255213857332803
"828"	82800	0.0422307053471453	0.042170174743508	0.000253759580635476
"829"	82900	0.0422064112091302	0.0421571799988101	0.00025712090442717
"830"	83000	0.042243948340828	0.0420771131587663	0.000258263029070374
"831"	83100	0.0421969456488046	0.0420497325055127	0.000249998666342568
"832"	83200	0.0421968930378887	0.0419266757096521	0.000245982538971293
"833"	83300	0.0422028201030187	0.0419482780551873	0.000253412096656295
"834"	83400	0.0421645429007357	0.0418876115268301	0.000254533927974374
"835"	83500	0.0421246279356393	0.0419325231939196	0.000255922447215131
"836"	83600	0.0421025983998862	0.0419327641143849	0.000264094105367047
"837"	83700	0.0421467067769168	0.0419733933080034	0.000264122973011504
"838"	83800	0.0421085177692228	0.0419783127182144	0.000271479550637511
"839"	83900	0.0422103751064663	0.0420006303807163	0.00026193975342411
"840"	84000	0.0422319779744666	0.0419935131118319	0.000263093608241076
"841"	84100	0.0422284208896351	0.0419179918225965	0.000259048812657338
"842"	84200	0.0421788289566902	0.0419193264249005	0.000248725990429001
"843"	84300	0.0421068241615941	0.041911641310242	0.00025851075225098
"844"	84400	0.0421455049470437	0.0419829639492884	0.000257638561291632
"845"	84500	0.0421591635665351	0.0419798460770384	0.00026898649708023
"846"	84600	0.042150461803809	0.0419299443897158	0.000272821442292112
"847"	84700	0.0421641302447025	0.0420280726282869	0.000273555501086975
"848"	84800	0.0421542279653157	0.0419523516449788	0.000275388502282046
"849"	84900	0.0421377800615764	0.0420236006340801	0.000267437793817419
"850"	85000	0.0421560527146223	0.0420078027106337	0.000273902272348191
"851"	85100	0.0421697164118559	0.0419471034606867	0.000274532649082085
"852"	85200	0.0422001181873554	0.0419480306935602	0.000269214540249907
"853"	85300	0.0422604031816616	0.0418253134752755	0.000273064960364971
"854"	85400	0.0421850499810148	0.0419563772411362	0.000274067121335425
"855"	85500	0.042172278453139	0.0420754112865132	0.000269635925101901
"856"	85600	0.0422639954869234	0.0420869530978597	0.000261894783655369
"857"	85700	0.0423749651298565	0.0419656078100351	0.000255568453188631
"858"	85800	0.0423734336536653	0.0419481171829278	0.00026034566350086
"859"	85900	0.0423554910851403	0.0418883463727069	0.000264324561031978
"860"	86000	0.0423440255056647	0.0420042841342154	0.000270117591273076
"861"	86100	0.0422790454240955	0.0419563188073061	0.000266189887738669
"862"	86200	0.0422960551830055	0.041905416877993	0.000269145644095425
"863"	86300	0.0422084250550225	0.0418776376968639	0.000274136226453796
"864"	86400	0.0422023941038904	0.0418978438638514	0.000276797953180196
"865"	86500	0.0422694935625604	0.0419431434999462	0.000280369106459674
"866"	86600	0.0422171275087615	0.0420285653059102	0.000268995095745216
"867"	86700	0.0421773630796478	0.0420091728585126	0.000261177452857795
"868"	86800	0.0422183392831392	0.0420256427653213	0.00026130115886363
"869"	86900	0.0422718420580395	0.0420476936600144	0.000261544243257721
"870"	87000	0.0422233203126854	0.042015770376078	0.000265659160840198
"871"	87100	0.0422576156382632	0.0419694905831271	0.000262394591605056
"872"	87200	0.0422649029200341	0.0419461300680673	0.000261055579739252
"873"	87300	0.0423071207268357	0.0419479844979225	0.000258797055353152
"874"	87400	0.0423653322531475	0.0419561668730499	0.000261166750103655
"875"	87500	0.0423894264041802	0.0420348081558401	0.000260596285524314
"876"	87600	0.0423624692395676	0.0420409848962407	0.000257966265947271
"877"	87700	0.0423110212150687	0.0419758516348005	0.000261439729552233
"878"	87800	0.0423094190670053	0.0419758803618956	0.000253692067095615
"879"	87900	0.0423426418907711	0.0419676449560822	0.000258738532811835
"880"	88000	0.0422923521328778	0.0418773347652429	0.000263859071456916
"881"	88100	0.0422704763049826	0.0418355536299754	0.000266417492319465
"882"	88200	0.0421975911891187	0.041884844734727	0.0002604132017128
"883"	88300	0.0422251936790763	0.0419035234953452	0.000255629219908577
"884"	88400	0.0422538425236611	0.0420171385329192	0.000251049806910025
"885"	88500	0.0422445147179735	0.0419987935705525	0.000249811337806079
"886"	88600	0.0422634720437566	0.0420032497080377	0.000245394553352341
"887"	88700	0.0422485388333274	0.0419782748983864	0.000241265910647334
"888"	88800	0.0422285748552963	0.0419197811899343	0.000241967921021295
"889"	88900	0.0421818369930541	0.0419937084316024	0.000250045368443304
"890"	89000	0.0422348099511278	0.0419145657684985	0.000251674227317087
"891"	89100	0.0422562746421141	0.0419481479172573	0.000260701317489292
"892"	89200	0.0423136178669661	0.0419179732970964	0.000256769666914794
"893"	89300	0.0422353544746245	0.0418500414839215	0.000253247532696978
"894"	89400	0.0422272221755503	0.0418435089777071	0.000254920609088114
"895"	89500	0.0421234389046461	0.0419488938618092	0.000254432899285092
"896"	89600	0.0421979903196742	0.0419496422452329	0.000255437959521899
"897"	89700	0.0421967167283498	0.0418740462415666	0.000251875259936662
"898"	89800	0.042212713432618	0.0419025085179469	0.000247658191710176
"899"	89900	0.0422075414463178	0.0419303551659105	0.000257870027342032
"900"	90000	0.0421558110740237	0.0418678609801931	0.000257447655584728
"901"	90100	0.0421175671936929	0.0419152040367067	0.000260919616358764
"902"	90200	0.0421127492320299	0.0419123360439885	0.000260739860054172
"903"	90300	0.0420780714458697	0.0419109186642827	0.000266395420830933
"904"	90400	0.0420357252001089	0.0418004129157352	0.000266225832262501
"905"	90500	0.0420747914917276	0.0417612709662432	0.000261946099635231
"906"	90600	0.0421216178218798	0.0419022221507808	0.000255451130082919
"907"	90700	0.0420770934035334	0.0419076996528463	0.000255390775044455
"908"	90800	0.0420789899158714	0.0419164282885057	0.000252965824619961
"909"	90900	0.0421121937026532	0.041891568856788	0.000251503934284847
"910"	91000	0.0420880015544506	0.0418851693955474	0.000250249210639419
"911"	91100	0.042024216486952	0.0419155755758856	0.000248002018867033
"912"	91200	0.0419787373724354	0.0419031705210257	0.000245032945040273
"913"	91300	0.0419976578122358	0.0418596137695439	0.000245884250059288
"914"	91400	0.0419930097300292	0.0418774624049721	0.000238221733949779
"915"	91500	0.0420786503538289	0.041828615150845	0.000241096805652594
"916"	91600	0.0420548194833014	0.0418044736118648	0.000250412104480639
"917"	91700	0.0419897841429383	0.0418010782532808	0.000248648543720838
"918"	91800	0.0419594957068402	0.0418024486935706	0.000247486486640808
"919"	91900	0.0419583900066016	0.041795357868803	0.000252487309345583
"920"	92000	0.0420544191048985	0.0418770235928573	0.000250970979957376
"921"	92100	0.0420533378394859	0.0419015007997517	0.000254638036304578
"922"	92200	0.0421102037280585	0.0418437344088412	0.000268161906632951
"923"	92300	0.0421054110345968	0.0418826568193574	0.000263315928578321
"924"	92400	0.0422701673382265	0.0419151784299831	0.000266938373021557
"925"	92500	0.042247494387586	0.0418608626908802	0.000256532458687141
"926"	92600	0.0422455079589965	0.0418620128977358	0.000261440289268116
"927"	92700	0.0422534181414672	0.0418150407229733	0.000263105831790873
"928"	92800	0.0422776304227451	0.0418830412715838	0.000264178025439994
"929"	92900	0.0422776304227451	0.0419725252995436	0.000266666133108231
"930"	93000	0.0424659261809803	0.0419840521752753	0.000261606570245514
"931"	93100	0.042475571680162	0.0420031175069926	0.000273214999604257
"932"	93200	0.0423299057943474	0.0419942662243248	0.000260530408342439
"933"	93300	0.0423466337801932	0.0420357300176383	0.000245847375345501
"934"	93400	0.042330740874591	0.0421033448479651	0.000248084444125881
"935"	93500	0.0423856699949142	0.0420365649885942	0.000251093468186814
"936"	93600	0.0424277087075933	0.0420359794862422	0.000251479261142297
"937"	93700	0.0424394977577565	0.0420967176072177	0.000258070229533965
"938"	93800	0.042542008516842	0.0420891341571705	0.000263598628131465
"939"	93900	0.042562810453123	0.0420506305183732	0.000256499128862557
"940"	94000	0.04249585624737	0.0419880360778568	0.000260348457577991
"941"	94100	0.0425889510542916	0.0419521775904977	0.00025859963146185
"942"	94200	0.042572330537335	0.0420003022494899	0.000257615608559712
"943"	94300	0.0425881109964635	0.0420314574001102	0.000258553003783505
"944"	94400	0.0426120428210565	0.0420297747450044	0.000243859242177144
"945"	94500	0.0425790534804927	0.0420299530548443	0.000240422363404995
"946"	94600	0.0425031770119898	0.0420272897861051	0.000234587840220014
"947"	94700	0.0424074178627915	0.0419147694617989	0.000242006610463882
"948"	94800	0.0423851811785924	0.0419634879564325	0.000246562765859411
"949"	94900	0.0424162851672569	0.0418825871973217	0.000247603473620128
"950"	95000	0.0423120677369147	0.04184767494343	0.000233273468290366
"951"	95100	0.0424026773906151	0.0418154254662295	0.000234713416567575
"952"	95200	0.0423582296457131	0.0417421182569125	0.000237345682523612
"953"	95300	0.0423244473871057	0.0418765899409791	0.000240437567349422
"954"	95400	0.0422920810017466	0.0419552057587065	0.000243776300067075
"955"	95500	0.0422765011867567	0.0419252515909999	0.000250528099929178
"956"	95600	0.0421118118700379	0.041921014367269	0.000249702924469876
"957"	95700	0.0420736429483679	0.0419066488550911	0.000252402299963149
"958"	95800	0.0421004751048847	0.0418590236178916	0.00025247508548535
"959"	95900	0.0421495018773321	0.0419045102234723	0.000255322749977147
"960"	96000	0.0421222356840697	0.0419025796435856	0.000250616269935894
"961"	96100	0.0420743589802938	0.041910887730275	0.000252635475904854
"962"	96200	0.0419742191063667	0.0419314134783088	0.000264252338518472
"963"	96300	0.0419008641896256	0.0419038773487532	0.000265084156625098
"964"	96400	0.041932413127286	0.041979682927937	0.000266561436790025
"965"	96500	0.0419225022580614	0.0419485707084206	0.000273414771538702
"966"	96600	0.0418668712512038	0.0419369517657236	0.000271429293813418
"967"	96700	0.0418452825473557	0.0419370723685194	0.000280702317184373
"968"	96800	0.0418600132930349	0.0420145032328209	0.000279033409493887
"969"	96900	0.041839813966225	0.0420621725145375	0.000267034328782311
"970"	97000	0.0417645904126098	0.0420787927736816	0.000262858586803539
"971"	97100	0.0418679112959472	0.0420862740544196	0.000258548508030646
"972"	97200	0.0418988758632893	0.0422127721013017	0.000259340941026615
"973"	97300	0.0418930947028408	0.0422934697788551	0.000262004491582308
"974"	97400	0.0419096893392948	0.0423249929066454	0.000245337009033549
"975"	97500	0.0418689360812526	0.0422255789811418	0.000239492586192934
"976"	97600	0.0418334526519121	0.0422660988374337	0.00024212170220416
"977"	97700	0.0418449556630988	0.042237368561108	0.000234470392060187
"978"	97800	0.0418502137350548	0.042181204336873	0.000232841435420558
"979"	97900	0.0418436311264077	0.0422672873337596	0.000230579864326086
"980"	98000	0.0419202340582298	0.0422569773206022	0.000230653573100795
"981"	98100	0.0419583446874317	0.042271828988865	0.000235164087750955
"982"	98200	0.041949834181887	0.0422167554118219	0.0002379243609583
"983"	98300	0.0420412414006408	0.0421740238685514	0.000238910336792414
"984"	98400	0.0420380084357482	0.0421771529368603	0.000241460717838339
"985"	98500	0.0420554381940224	0.0421931788184699	0.000244965478648713
"986"	98600	0.0420567135169325	0.0421979191427607	0.000239718297396922
"987"	98700	0.0420471433217561	0.0422633797516027	0.000239477065348162
"988"	98800	0.0420533334326701	0.0422619561739923	0.000239140824165534
"989"	98900	0.0421120331207621	0.042195694313703	0.00024040828729768
"990"	99000	0.0421485279524931	0.0421361321251756	0.000244441145791836
"991"	99100	0.0421714479763552	0.0420925289469175	0.000243024992597935
"992"	99200	0.0421973057178184	0.0420784576323446	0.000246140428101387
"993"	99300	0.0422469729233718	0.0421001216591121	0.000255086582758536
"994"	99400	0.0423248202498659	0.0421854132946328	0.000259349346757174
"995"	99500	0.0422806558201847	0.0420409702333643	0.000261322743604325
"996"	99600	0.0422944451028881	0.0419876696282938	0.000270382739295394
"997"	99700	0.0422868299760716	0.042047960727924	0.000266478093362139
"998"	99800	0.0424497038895534	0.0420145490756702	0.000279440766169557
"999"	99900	0.0424362922082733	0.0420872500545067	0.000278529112747153
"1000"	1e+05	0.0424529359479097	0.0420022721869855	0.000262016672235607
