"V1"	"V2"	"V3"	"V4"	"V5"	"V6"
"1"	-0.218224279854173	-0.184693518770471	0.542249870620698	0.195270264912338	-0.402917798624645	0.737520135533036
"2"	-0.179937501046461	0.528126716555842	-0.165279491029536	0.321372118043105	0.348189215509381	0.156092627013569
"3"	-0.514391500549664	-0.110990945689961	0.386993057555238	0.22189944782063	-0.625382446239625	0.608892505375868
"4"	-0.41492760605494	-0.621439207146899	-0.738129204473614	-0.191136276911372	-1.03636681320184	-0.929265481384985
"5"	-0.173358513327955	0.287657752093528	-0.293967627212663	0.435966913933018	0.114299238765573	0.141999286720355
"6"	1.63033566726912	-0.400038368595909	2.01505270207654	-0.415244979083727	1.23029729867321	1.59980772299281
"7"	0.00554006975849873	0.253523145016507	-0.314767330688381	0.399788451343418	0.259063214775006	0.0850211206550369
"8"	-1.00522253442198	0.296891527038792	-0.0723656041447092	-1.52037546698746	-0.708331007383186	-1.59274107113217
"9"	-0.229454813510949	-1.42677729007467	-0.848300281090833	-1.27685195354188	-1.65623210358562	-2.12515223463272
"10"	1.80172796350268	-0.396174017840819	-0.883074103555951	0.894467411761473	1.40555394566186	0.0113933082055215
"11"	0.545956026179284	0.794594941487302	1.10336817385352	-0.32733478156728	1.34055096766659	0.776033392286241
"12"	-0.583264545306931	-0.518193271168157	0.222718426560846	-0.0145652736642106	-1.10145781647509	0.208153152896635
"13"	0.751366942356361	1.03693507435017	-0.946609032960571	-0.252802457977819	1.78830201670653	-1.19941149093839
"14"	0.772129890281717	-0.977501562793891	0.0600545912242257	0.0301244511122732	-0.205371672512174	0.0901790423364989
"15"	-1.1853716935037	-0.625618972125807	-0.364558712725453	-0.517116939526285	-1.8109906656295	-0.881675652251737
"16"	0.237615705482124	0.288740263444089	-1.28499056475159	1.56829497067366	0.526355968926213	0.283304405922068
"17"	0.662867929499704	-0.233172615798951	-0.24888001518296	-0.401842186569505	0.429695313700752	-0.650722201752465
"18"	-0.330621376861575	0.20797531153773	0.850429907586284	-0.322931765259324	-0.122646065323845	0.527498142326959
"19"	1.23287160489373	-0.495983913342828	-0.211191725221045	1.0560866436723	0.736887691550899	0.844894918451256
"20"	0.558058642428422	-0.483983040618789	0.253557807838327	-0.735351512288386	0.0740756018096329	-0.481793704450059
"21"	-1.64664478904903	0.224504332041484	0.249530782275288	-0.260900373980963	-1.42214045700755	-0.0113695917056751
"22"	0.289413840410167	-0.254233101205693	0.766244304477606	-0.212502134359188	0.0351807392044746	0.553742170118418
"23"	0.430834997749695	-0.878238730494808	-0.230829613736766	1.24739406317681	-0.447403732745113	1.01656444944005
"24"	0.215126971736477	0.556773716475352	-1.3952159232959	1.17356310916197	0.771900688211829	-0.221652814133933
"25"	0.378988384399962	-0.165435936321341	0.716091765539492	-0.304530969495938	0.213552448078621	0.411560796043554
"26"	-0.429863599100703	0.0822361719200911	0.164356856877521	-0.936842644624899	-0.347627427180612	-0.772485787747378
"27"	0.414053862179146	0.882068517606529	-0.13250374797643	0.0925564731130841	1.29612237978568	-0.0399472748633458
"28"	0.387717330044767	-0.141976614848525	-0.839288647376482	-0.539735689994342	0.245740715196242	-1.37902433737082
"29"	0.353592732906811	0.364978150731729	-0.160244314140293	0.874481458188351	0.71857088363854	0.714237144048058
"30"	0.0809143855315311	0.141195580973708	0.862354293626556	0.526649457974598	0.222109966505239	1.38900375160115
"31"	0.282841354931898	-0.1510821588723	-0.859084328947111	0.589838762420727	0.131759196059598	-0.269245566526384
"32"	0.546027458023854	-0.121564825260557	-0.462206816440163	-0.270266157157113	0.424462632763297	-0.732472973597276
"33"	-0.27846883510155	-0.49374950266162	2.28978232145036	-0.081441061195139	-0.77221833776317	2.20834126025522
"34"	-0.0612701304211762	-0.00880669267147932	-1.11426214096384	0.251428971523284	-0.0700768230926556	-0.862833169440555
"35"	0.236977062151469	-0.407822916058794	-0.922583643844529	0.169138874481164	-0.170845853907325	-0.753444769363366
"36"	0.460596076838131	-0.30393049389176	0.326028310805133	-0.0685598631363421	0.156665582946372	0.257468447668791
"37"	1.21314001236547	-0.160408141599908	0.209108997470298	0.212990354131096	1.05273187076557	0.422099351601394
"38"	-0.105074860002335	-0.000874196541500644	-0.243817893757294	-0.0489907917394182	-0.105949056543835	-0.292808685496712
"39"	-0.0438824568450946	-0.00279828682649103	-0.772413549846529	-0.248494676557539	-0.0466807436715856	-1.02090822640407
"40"	-0.56537181960148	-0.0190357589581791	-1.01543115008108	-0.755853290361749	-0.584407578559659	-1.77128444044283
"41"	0.0676114371216511	-0.0799992288789722	-0.87138834425824	-0.516345389691555	-0.0123877917573211	-1.38773373394979
"42"	-0.892682572365534	0.312321709176675	0.664619760895119	-0.141068611357117	-0.580360863188859	0.523551149538003
"43"	1.93991763908892	-1.17696492576648	-0.856121569476947	-1.97352636718584	0.762952713322434	-2.82964793666279
"44"	-0.966129490186164	0.329270756241254	0.423080298841152	-1.61426207370296	-0.63685873394491	-1.19118177486181
"45"	-0.209136412651782	-0.367334814903245	0.337609253996223	-0.398235377676063	-0.576471227555027	-0.0606261236798395
"46"	1.88314951427305	-0.189489351514621	0.96314936618994	0.238967124344659	1.69366016275842	1.2021164905346
"47"	0.423753513725061	-0.486067012929218	-0.350509918312149	-0.760871470999215	-0.062313499204157	-1.11138138931136
"48"	-0.560692621142673	0.0108810176447674	-0.00556203899844568	0.223245879555946	-0.549811603497905	0.217683840557501
"49"	-0.112744082342154	0.387761050208017	-0.832537283348417	-0.284966888471041	0.275016967865863	-1.11750417181946
"50"	1.34950544404237	-0.360452058974207	-0.250247084749341	-0.970643465417189	0.989053385068161	-1.22089055016653
"51"	-1.51058474290079	0.626467620998024	0.565337594361672	0.454615253618378	-0.884117121902769	1.01995284798005
"52"	0.140263879948722	0.129869275753573	-1.11772749088525	0.421156179713734	0.270133155702295	-0.696571311171512
"53"	-0.324124688436509	-0.203958661109135	-0.568005232091293	0.898662969035746	-0.528083349545643	0.330657736944453
"54"	0.0646363521038665	0.0184333756861768	-0.670594212445474	-0.653739458363272	0.0830697277900433	-1.32433367080875
"55"	-0.348994298611689	-0.239465427161036	-1.31852320109616	-0.904353742928309	-0.588459725772725	-2.22287694402447
"56"	0.0119206416336293	-0.810976293562734	-0.102407661633076	0.915135276817733	-0.799055651929105	0.812727615184657
"57"	0.0215385167692421	0.8355776070483	-0.625794582772118	-0.887527973648718	0.857116123817543	-1.51332255642084
"58"	-0.643136468336685	-0.170805303232484	-1.64639388047153	0.960252948609951	-0.813941771569169	-0.686140931861579
"59"	-0.659597188652913	0.264995099228748	-0.40611445018387	0.526213825028485	-0.394602089424165	0.120099374844615
"60"	1.2581346402025	-1.41285709279077	-0.334710266275981	-1.36579600017995	-0.154722452588265	-1.70050626645593
"61"	-0.102349735903913	0.0281686849718537	-1.26271790096933	-0.00944623302745808	-0.0741810509320591	-1.27216413399678
"62"	0.148894224041491	-1.07817075639613	0.546845217311018	-0.124138499417147	-0.929276532354639	0.422706717893871
"63"	0.454715221198425	-0.0177642727568269	-0.126085913811536	-1.60164837413552	0.436950948441598	-1.72773428794705
"64"	-0.870527789730508	-0.21353630620123	-0.555248331190701	1.06446626812422	-1.08406409593174	0.509217936933521
"65"	0.888734061139886	-0.570408458079299	0.163539220362479	0.00561854628925519	0.318325603060586	0.169157766651734
"66"	-0.681400060346246	-0.101754781975563	-0.707695251175632	-0.527353781081985	-0.783154842321809	-1.23504903225762
"67"	-0.161902688246335	0.107788353822553	0.451230648655207	0.159907638239623	-0.0541143344237825	0.61113828689483
"68"	-0.86851348937474	0.763718215813372	-0.100640489791779	0.540533347341125	-0.104795273561369	0.439892857549347
"69"	-1.35204403618116	1.92859412978015	0.232127176271898	0.159709865963439	0.576550093598987	0.391837042235337
"70"	-0.0894506598703445	0.579450953735126	-0.285065543791615	-1.11921703113387	0.490000293864781	-1.40428257492549
"71"	0.776374081794625	-0.502219617196221	-0.141085049865534	-1.03470768236984	0.274154464598403	-1.17579273223537
"72"	1.30137163366878	-0.145832413683785	0.203163567041617	0.542276956723301	1.155539219985	0.745440523764917
"73"	1.0994021928578	-0.974845618106978	-0.332592163586966	-0.624176913813852	0.124556574750819	-0.956769077400818
"74"	0.659809669290575	-0.991565505469236	2.05059598761577	0.031159421932486	-0.331755836178661	2.08175540954826
"75"	0.385872848408247	-0.134398563327057	1.9270138656152	-0.638784369880432	0.25147428508119	1.28822949573477
"76"	0.242753876491395	-0.0354047280087146	0.814689515496785	-0.17026225947941	0.207349148482681	0.644427256017374
"77"	0.236995611475116	0.30927075841393	1.06059000604684	0.668444494279942	0.546266369889046	1.72903450032678
"78"	-0.900369549849208	0.789857718424751	-1.56823058136553	-0.976268922998624	-0.110511831424457	-2.54449950436416
"79"	-0.438287055943602	0.765343481696228	-0.493069713773922	1.0093591631029	0.327056425752626	0.516289449328975
"80"	0.672080332687377	-0.104683294843321	0.521040049986187	-0.329333587418439	0.567397037844057	0.191706462567748
"81"	-0.320618592552221	0.353089754173182	0.00553208947767991	-0.853109992675968	0.0324711616209616	-0.847577903198288
"82"	0.373099905476959	-0.0664342302598141	-0.811371243953478	-2.0894608046426	0.306665675217145	-2.90083204859608
"83"	-0.539634258973631	0.724114253113838	0.582452596519675	0.653282084843173	0.184479994140207	1.23573468136285
"84"	0.0107201714713054	-0.521276372578229	0.495615584961003	-0.0881863354146325	-0.510556201106923	0.407429249546371
"85"	-0.0866423321081401	-0.728515555972117	1.0663826735554	0.0273650033786437	-0.815157888080257	1.09374767693404
"86"	-0.278792968808683	-0.205509478158063	-0.0567517371058896	-0.677318722765742	-0.484302446966746	-0.734070459871631
"87"	-0.396967520618844	-0.290316542433013	0.447901540143269	0.0797117784966466	-0.687284063051857	0.527613318639916
"88"	-0.201759176239814	-0.271803262187483	0.199470131580844	0.210985153844327	-0.473562438427297	0.410455285425171
"89"	-0.612205031148133	-0.218759366328357	0.362200912037467	-0.198297908821785	-0.830964397476489	0.163903003215683
"90"	1.42175003556123	-0.133117435258753	0.590927912931943	-0.95599201185334	1.28863260030247	-0.365064098921396
"91"	-0.0438795960344854	0.648734873425945	-1.1123651295736	0.418169534179516	0.60485527739146	-0.694195595394087
"92"	0.717795617619599	-0.335100377463211	-0.0798198518402915	0.684072023692541	0.382695240156388	0.604252171852249
"93"	0.283262103194501	-1.35765868698361	-0.172810095242003	0.00110161143927177	-1.07439658378911	-0.171708483802731
"94"	0.428882541561516	-0.144491508139139	1.10269704032675	-1.33218071089248	0.284391033422377	-0.229483670565726
"95"	0.488829249306716	0.69013221149052	0.326753195075858	-0.181637801346576	1.17896146079724	0.145115393729283
"96"	0.52590949734209	0.457823275387283	0.230367287879492	-0.123305454404063	0.983732772729373	0.107061833475429
"97"	1.70293114832203	0.501825096448984	-0.717787720943226	1.284349386383	2.20475624477102	0.566561665439771
"98"	0.0921138909460262	-0.379772321364326	-1.60481178298052	-0.963642561868947	-0.2876584304183	-2.56845434484947
"99"	0.952648626308081	-0.297899444225386	0.266393533285832	0.432705750748978	0.654749182082695	0.69909928403481
"100"	-1.11863485829022	-0.896903790678838	0.125950106394279	0.0543981875529909	-2.01553864896906	0.18034829394727
"101"	0.100826094192154	0.242757729081246	-0.0793369062660213	1.94380398858673	0.3435838232734	1.86446708232071
"102"	0.120080792271794	-0.694946257856048	0.481415622096085	-0.672819356962016	-0.574865465584254	-0.191403734865931
"103"	0.482531237468832	0.842571046119153	-0.120882142470836	1.88525495871291	1.32510228358799	1.76437281624208
"104"	0.0734578511826924	0.200263942587494	-0.669849951448614	0.984351779534508	0.273721793770186	0.314501828085893
"105"	0.268227747676788	-0.847405048893121	-0.372202995463021	0.959798672161733	-0.579177301216333	0.587595676698712
"106"	-0.186110381515458	0.342842148160138	0.120280754196759	0.398845555726869	0.15673176664468	0.519126309923628
"107"	-0.213625656051244	0.768558280317373	-1.98979926141933	-0.191649306603548	0.554932624266129	-2.18144856802288
"108"	-0.728398519851092	0.956969723936746	0.995414119301745	-0.117024247153161	0.228571204085653	0.878389872148584
"109"	-1.4682581824073	-0.969338525849611	0.566225644931532	0.660487143987499	-2.43759670825691	1.22671278891903
"110"	0.974763643147697	-0.0731263351313421	0.0229108162020198	0.695713284786818	0.901637308016355	0.718624100988838
"111"	-1.9062934170659	0.822854603066433	-0.282356226507888	0.295485186546901	-1.08343881399946	0.0131289600390128
"112"	0.011507554019277	0.192725359664456	-0.338164655275261	-0.355761150357368	0.204232913683733	-0.69392580563263
"113"	-1.47430243946189	-1.70970604624613	0.367301893444488	0.340964849165015	-3.18400848570802	0.708266742609503
"114"	0.251294423306946	0.684933355937007	-0.357250488769681	1.21076412771096	0.936227779243953	0.853513638941278
"115"	-2.39018079869873	-0.844255952220328	-0.101968194336513	0.276165659857513	-3.23443675091906	0.174197465521
"116"	-1.1608622213219	-0.31591042398074	0.26576612034172	-0.131705991976844	-1.47677264530264	0.134060128364876
"117"	-0.195837302640401	-1.58683464477121	-0.525175196679879	-0.0930001365409985	-1.78267194741161	-0.618175333220877
"118"	1.11245330556804	0.884314940396178	-1.18361770324228	-0.782892537502448	1.99676824596422	-1.96651024074473
"119"	-0.50983776884842	-0.248132487865307	0.97725829119164	-0.507842289983871	-0.757970256713726	0.46941600120777
"120"	-0.705857400187801	-0.55728859643189	-0.829575991209228	-0.94452650444899	-1.26314599661969	-1.77410249565822
"121"	0.609636471124252	-0.631757874834289	-0.606638295015769	0.159406605718299	-0.0221214037100369	-0.447231689297469
"122"	-1.00318531134431	-0.367432441850681	0.407518887141342	-0.404766998430668	-1.37061775319499	0.00275188871067406
"123"	1.77595075197356	0.0273132082467597	-0.0986060492545088	0.252684326524153	1.80326396022032	0.154078277269644
"124"	0.295072351270905	-0.0534974357194968	0.305851641308589	0.337261844194375	0.241574915551408	0.643113485502965
"125"	-0.55381151469391	-0.185875849418572	0.111509166707612	1.02633589836035	-0.739687364112482	1.13784506506796
"126"	0.345139911537148	0.422880783767437	-0.415362882691897	-0.0325683540886816	0.768020695304585	-0.447931236780579
"127"	-0.196932890517328	-0.205916615781628	0.197918243558939	-0.150032812046715	-0.402849506298956	0.0478854315122238
"128"	-0.575530476413592	-1.48040147227058	-0.63179994450158	-0.049256916760136	-2.05593194868418	-0.681056861261716
"129"	-0.615547967654871	-0.593569913150561	-0.565501654383969	0.608709979819159	-1.20911788080543	0.0432083254351903
"130"	-0.319592661391616	-0.28056134756941	-0.0905503481357119	-0.251662645917383	-0.600154008961026	-0.342212994053095
"131"	-0.321516662417957	-0.646086225106068	0.0275379511222761	-0.181402852055513	-0.967602887524025	-0.153864900933237
"132"	0.0451868794146442	0.860354692502037	0.0511106525429501	0.393850439685292	0.905541571916681	0.444961092228243
"133"	1.3881727049393	-0.27299823668689	0.508866548263419	0.836660755597779	1.1151744682524	1.3455273038612
"134"	0.91528795631715	0.453944431981125	0.160934645974761	-0.722893176575922	1.36923238829828	-0.561958530601161
"135"	-0.00213552394597832	0.453336617404962	-0.283005763212776	-0.685039336046362	0.451201093458984	-0.968045099259138
"136"	0.0894103650202942	0.52278298806623	0.399031938292809	-1.7614637554044	0.612193353086525	-1.36243181711159
"137"	-0.533477658920717	1.13671381422165	-0.299849047901489	1.72375145333135	0.603236155300937	1.42390240542986
"138"	-0.630372433140772	0.546690042211567	0.317126631928427	-0.0271579930507402	-0.083682390929205	0.289968638877687
"139"	0.0169431295290105	0.128263114216604	-0.406783758775753	0.147499001668933	0.145206243745614	-0.259284757106821
"140"	-0.363511332228105	-0.695279893743724	0.35148987974922	0.748378094538672	-1.05879122597183	1.09986797428789
"141"	-0.146692340889611	-0.325259426037178	-0.508670111284055	-0.0165878278960273	-0.471951766926789	-0.525257939180082
"142"	0.272947749086068	0.90280095780389	0.296053170806305	-0.22890785251966	1.17574870688996	0.0671453182866447
"143"	-0.110604596931867	-0.77590290900652	1.38419808418941	-0.253685943620521	-0.886507505938387	1.13051214056889
"144"	-0.759893009337995	0.376412854496518	-0.219109309620087	-0.0619201213896625	-0.383480154841477	-0.281029431009749
"145"	0.235140684526084	0.474705351958985	0.577580284617732	-0.18291783713547	0.709846036485069	0.394662447482262
"146"	1.20541200707531	-0.0257262453364689	1.25157632150056	-0.411621902029324	1.17968576173885	0.839954419471235
"147"	-1.187343992988	-0.60405167645122	-0.461441262066151	-0.856144807930176	-1.79139566943922	-1.31758606999633
"148"	-0.0392808107860385	0.169774295335153	0.735709301766309	-1.73674833181547	0.130493484549114	-1.00103903004917
"149"	0.860693030617434	-0.141148234728479	-0.0362687461742055	-0.174269207129812	0.719544795888955	-0.210537953304018
"150"	-1.26167549172057	0.262961913638497	0.0422561994984371	-0.44856360927299	-0.998713578082076	-0.406307409774553
"151"	-0.175866738411984	0.552045773678103	0.778291619483751	0.476671640605199	0.376179035266119	1.25496326008895
"152"	-0.914375650127572	-0.620930822103079	0.0880377572786613	-0.719697575217718	-1.53530647223065	-0.631659817939057
"153"	-0.616104382836938	0.473213745151111	0.822889784684531	-0.46241921479246	-0.142890637685827	0.360470569892071
"154"	-0.362472217307239	0.429638962510945	0.145781268589858	-0.939806423947263	0.0671667452037061	-0.794025155357404
"155"	0.0266071229457113	0.160288148226873	-0.64966346294972	0.782554224540724	0.186895271172585	0.132890761591003
"156"	0.137217029837121	0.545054977892852	-1.30132441849648	-0.666219495817157	0.682272007729973	-1.96754391431364
"157"	1.06834149551078	-0.407571947171229	-0.376916676667531	-0.235657867528592	0.660769548339549	-0.612574544196123
"158"	-0.37117825521145	0.425278746718169	-0.907052769483493	-0.545214415730403	0.054100491506719	-1.4522671852139
"159"	-0.515120142196264	0.171942410623686	0.405492476898354	-1.31945253302298	-0.343177731572578	-0.913960056124627
"160"	-0.0873724685816471	0.287322461075727	-0.0736437379191507	0.167881353181739	0.19994999249408	0.094237615262588
"161"	-0.105219795246409	0.191736342254105	1.38525372897311	-0.882916183990615	0.0865165470076954	0.502337544982494
"162"	-0.394938169010584	-1.06269417133346	0.241483222964097	0.582315247027529	-1.45763234034405	0.823798469991626
"163"	0.52978844495391	1.11782248854503	2.19970348083908	-0.756126961312403	1.64761093349894	1.44357651952668
"164"	0.136845113482989	-0.853719368943256	0.759579256647233	0.429555413199109	-0.716874255460268	1.18913466984634
"165"	-0.198521964201313	1.82195849397359	0.128334548129608	0.658127532049567	1.62343652977227	0.786462080179175
"166"	0.316413339725666	-1.215766114021	0.859081082619653	0.145786809653897	-0.89935277429533	1.00486789227355
"167"	0.755025809089738	0.011364613462028	0.350179793235851	0.525095527347933	0.766390422551766	0.875275320583784
"168"	0.707763150619899	-0.301799030350556	-0.111062877678333	-0.467491044184544	0.405964120269343	-0.578553921862877
"169"	-0.618633822859186	0.10920070244548	-1.32821497623436	-0.581269424354052	-0.509433120413707	-1.90948440058842
"170"	0.124710908727131	0.7845882392539	-0.478914158832727	-0.650713574351935	0.909299147981031	-1.12962773318466
"171"	-1.02469042881869	-1.02319363026322	0.868190023081999	-0.946523149472663	-2.0478840590819	-0.0783331263906645
"172"	0.439180439784456	-0.218087525525035	0.299937224013765	-0.303562306832592	0.221092914259421	-0.00362508281882745
"173"	0.192603699525456	1.13269119980205	1.05479721922503	-0.0801009895356809	1.3252948993275	0.974696229689353
"174"	0.488114278303601	1.14235291900346	-0.193103741731161	0.290191447749044	1.63046719730706	0.0970877060178833
"175"	0.203643972924927	0.190145763842941	-1.01701576353406	0.670835971602173	0.393789736767868	-0.346179791931892
"176"	-0.0991087075412404	0.151025173815659	-0.0803953998309094	0.182474275310451	0.0519164662744188	0.102078875479542
"177"	0.136793599295319	0.0133001800488904	-0.372775106135059	-0.384671641412088	0.150093779344209	-0.757446747547147
"178"	0.816269780009983	0.273132074171975	0.178356399025949	0.354390517198468	1.08940185418196	0.532746916224418
"179"	-0.727955612175924	0.153687066710714	-0.886420276749559	0.469419295306599	-0.57426854546521	-0.417000981442961
"180"	-0.0547254319566744	-0.122333312431282	0.455598441731626	0.266195142600213	-0.177058744387956	0.721793584331839
"181"	0.701686150822376	-0.394191310060143	-0.279038356375978	0.24590063831218	0.307494840762233	-0.0331377180637981
"182"	-0.289541223055198	-0.136420069620596	1.16072350630952	-1.03006302911773	-0.425961292675793	0.130660477191787
"183"	0.269293765042544	-0.165249391695887	-1.0133300498806	0.464177029203401	0.104044373346657	-0.5491530206772
"184"	-1.06415846716651	0.437093416197119	-0.0478802517420592	1.40698103404896	-0.62706505096939	1.3591007823069
"185"	0.268367695703943	-0.0416229431608006	0.225784801438166	0.624424386802866	0.226744752543142	0.850209188241032
"186"	0.795978221531076	-0.194439338086075	0.887614439652887	-0.119243338069419	0.601538883445001	0.768371101583468
"187"	-0.467765193938689	0.121559677141487	-1.74100047385773	0.272239116046005	-0.346205516797202	-1.46876135781172
"188"	-0.689885951144498	0.0641450242258466	-0.272361201566376	0.00323122555435329	-0.625740926918652	-0.269129976012023
"189"	0.297693415504498	-0.365234030009662	0.251443101615936	-0.517991932248978	-0.0675406145051639	-0.266548830633042
"190"	-0.244058969769532	-0.522798161119864	-0.98235734235397	0.398857969154986	-0.766857130889395	-0.583499373198984
"191"	-0.084950475318568	-0.712173387854203	-0.136031369796661	0.166137518068487	-0.797123863172772	0.0301061482718259
"192"	-0.017210492416043	-0.333520725432067	-0.0199127110689826	0.569052439823379	-0.350731217848111	0.549139728754396
"193"	-0.86670202785129	-0.282586463659489	0.962610533185345	-0.860889678853252	-1.14928849151078	0.101720854332093
"194"	0.00960525368380208	0.557070383513105	0.293900422746863	0.360694717791427	0.566675637196907	0.65459514053829
"195"	-0.673741537711213	-1.02784055730162	0.289338928094824	0.676275934674082	-1.70158209501284	0.965614862768906
"196"	-0.219562793974431	-0.861270319393052	-0.885008355016474	-0.452184231744038	-1.08083311336748	-1.33719258676051
"197"	-0.339557651969334	0.590412198520322	-0.463564621950431	0.17429727752829	0.250854546550989	-0.289267344422141
"198"	0.874274496029613	-0.327483304504161	-0.213050275437007	0.14788219857799	0.546791191525451	-0.0651680768590165
"199"	-0.382184352662583	-0.642607813240978	-0.149326968447309	-0.17234606035687	-1.02479216590356	-0.321673028804179
"200"	0.959674832163222	0.0929041712650771	1.72650533170122	-0.364059542126912	1.0525790034283	1.36244578957431
"201"	0.305897247794801	-0.142198003444655	0.626945801470371	0.442035258353036	0.163699244350146	1.06898105982341
"202"	0.204446658363409	0.805097023780054	0.0743000197541233	-1.01837463641466	1.00954368214346	-0.944074616660533
"203"	-1.60413870012068	1.67727457807918	-0.414460238169515	0.399438827846962	0.0731358779584974	-0.0150214103225533
"204"	0.0351681554030896	0.282507753238773	0.566382681849558	0.017851244021225	0.317675908641863	0.584233925870783
"205"	-0.586171522132448	-1.12213504966736	-0.431773558363055	0.438650458247801	-1.7083065717998	0.00687689988474666
"206"	-0.327408789643014	0.743182733901493	-0.225771161987019	-0.666633217578185	0.415773944258479	-0.892404379565203
"207"	-0.270181442662071	0.477638413462116	-0.184870580989874	-0.155513800311833	0.207456970800045	-0.340384381301707
"208"	0.663374109920959	0.793766393128947	0.693341725084732	-0.410268587147235	1.45714050304991	0.283073137937497
"209"	0.510786938472187	0.43943452066517	-1.43308717999314	-0.837061880668367	0.950221459137357	-2.27014906066151
"210"	-0.614351415965945	-0.414587783877842	0.696195661222915	-0.702986587876181	-1.02893919984379	-0.00679092665326575
"211"	-0.0210898607654762	-0.0926285781089426	-0.273798210887421	-0.984385849696205	-0.113718438874419	-1.25818406058363
"212"	-0.396095754898919	-0.763986825584173	-0.162431520364554	0.484880520738119	-1.16008258048309	0.322449000373564
"213"	0.62471354402001	-0.0100774078756708	0.776417696759387	-0.322383765393586	0.614636136144339	0.4540339313658
"214"	-0.714525846444451	-0.412112221079758	-1.06054933464017	0.155096265346812	-1.12663806752421	-0.905453069293358
"215"	-0.862801082530421	0.147799145417119	1.19625090317603	0.197966392390988	-0.715001937113303	1.39421729556702
"216"	-0.433238628145232	0.404690340453243	0.163659720088761	0.123315582552861	-0.028548287691989	0.286975302641622
"217"	0.887894398143096	0.838953913841002	-0.512815179691213	-0.239558365559825	1.7268483119841	-0.752373545251038
"218"	-0.329977976908783	0.351433672512895	0.491434915857808	0.0775473049184726	0.0214556956041119	0.568982220776281
"219"	-0.18952648230893	0.666732433008362	0.69091185294976	0.237217731053436	0.477205950699432	0.928129584003197
"220"	-0.393332001156716	0.11974305547506	-0.555638726820034	0.2816769491231	-0.273588945681656	-0.273961777696934
"221"	0.361763494085653	-0.378714933530528	-0.161467819658315	-0.40868037055936	-0.0169514394448751	-0.570148190217674
"222"	0.722768088641307	0.00408866484453409	0.131507721795901	-1.87100678224949	0.726856753485842	-1.73949906045359
"223"	0.301361866698027	-0.352804654866788	0.027833938545553	0.982347259288392	-0.0514427881687609	1.01018119783395
"224"	0.271480937209662	-0.556482248901722	0.0356048278190647	-0.686363865530977	-0.285001311692059	-0.650759037711912
"225"	0.63058412643896	-0.405530369005192	0.844801098535803	0.449960415322529	0.225053757433767	1.29476151385833
"226"	-0.440355233045586	-0.00121787585823371	-0.00339183907440817	1.04987263402591	-0.44157310890382	1.0464807949515
"227"	1.10009288162104	0.95083053998034	-1.08513615361721	-0.395576721757837	2.05092342160138	-1.48071287537505
"228"	0.377475969278793	0.0142097724092686	0.514346036388919	-0.75197920126961	0.391685741688062	-0.237633164880691
"229"	-0.27837937332537	0.35081003484326	-0.482764519455855	-0.149683800138866	0.0724306615178898	-0.632448319594721
"230"	-0.536465485160941	0.0230979821919027	1.1962131972253	0.28945887215864	-0.513367502969038	1.48567206938394
"231"	1.61582857031509	-0.0384798157706283	0.906146204313395	-0.644317275596655	1.57734875454447	0.26182892871674
"232"	-0.218362240601681	1.25527609639565	0.2069842258426	-0.924483412252449	1.03691385579397	-0.717499186409849
"233"	0.0166992600077889	0.362159434436836	-0.00249978217894822	0.147743471726599	0.378858694444625	0.145243689547651
"234"	1.31482761087296	0.359243931455582	0.687722536501911	-0.406760676517515	1.67407154232854	0.280961859984396
"235"	0.210251190015858	0.00597873829094884	-0.0216241010971944	-0.0107901329620652	0.216229928306807	-0.0324142340592596
"236"	0.758707766202258	0.859178769731593	0.232814295294472	-0.851291711990912	1.61788653593385	-0.618477416696441
"237"	-0.550539798625598	-0.540111414202353	0.287789531232787	0.450835485230981	-1.09065121282795	0.738625016463768
"238"	0.531397401888502	0.733717971244931	-0.0542000654389239	0.509172532980001	1.26511537313343	0.454972467541078
"239"	1.11322321475351	1.10569538742825	-0.279570317703276	0.913370066688505	2.21891860218176	0.633799748985229
"240"	-0.402917526749133	-0.23420110647493	-0.582898153612653	0.571947316509122	-0.637118633224063	-0.0109508371035318
"241"	0.729713369547882	-0.097625319353752	-0.578758335762076	-0.425240521628809	0.63208805019413	-1.00399885739089
"242"	-0.408008781763931	-0.0910179040386013	-1.04098674233358	0.0185367243636238	-0.499026685802532	-1.02245001796996
"243"	0.900184085812811	-0.0257757709077542	-1.21132132880875	0.410763953274198	0.874408314905057	-0.800557375534554
"244"	-0.0442409667481462	-0.253665437709382	0.195653466719718	-0.361205136492449	-0.297906404457528	-0.16555166977273
"245"	-1.22751307601127	-2.52897633098976	-0.200446508096435	1.09011833701485	-3.75648940700103	0.889671828918417
"246"	0.730921580343757	-0.446608666375018	-0.846461188937786	0.883169445480103	0.284312913968739	0.036708256542317
"247"	0.392517214312311	-0.57976511413614	0.508479191166286	0.108111176448072	-0.187247899823829	0.616590367614358
"248"	-0.80406695516645	-0.256329216637714	-0.867514747026506	-0.803596744178109	-1.06039617180416	-1.67111149120461
"249"	-0.0313306323676583	-0.911125112575877	0.756822582858017	0.422278782352975	-0.942455744943535	1.17910136521099
"250"	0.0863976819362122	-0.300109144355594	0.774476069299021	1.08799966014903	-0.213711462419382	1.86247572944805
"251"	0.0706739071153377	-0.282052170991084	-0.227622050322022	0.891290383703562	-0.211378263875746	0.66366833338154
"252"	-0.498467765921458	-0.419856650353141	-0.360783643301313	-0.783836616916563	-0.918324416274598	-1.14462026021788
"253"	-0.171535651161418	-0.889726495983857	-0.625508523488298	0.161256446615356	-1.06126214714528	-0.464252076872942
"254"	1.5456315570052	-0.852792501055101	0.941763014776072	0.600077239939077	0.692839055950101	1.54184025471515
"255"	0.504262825807575	0.426409899728989	1.14191405193084	-0.0929276540008019	0.930672725536564	1.04898639793004
"256"	0.218826847512613	0.382189542809503	0.174697019743308	-1.26696150722603	0.601016390322116	-1.09226448748272
"257"	0.441890513564117	1.14224895471184	-0.209263701453269	0.984296151985706	1.58413946827596	0.775032450532438
"258"	-0.0760316618502034	0.399284226963726	0.868055806748453	-0.565331162666409	0.323252565113523	0.302724644082044
"259"	0.657971451816387	-0.7624435633956	-0.543947440629063	0.165453543001136	-0.104472111579213	-0.378493897627927
"260"	-1.30943138334636	-0.310154093672716	-1.3605731812096	0.847101100243273	-1.61958547701907	-0.513472080966331
"261"	-0.0297989128809016	-0.674709262771362	1.14442141744746	0.581302981820504	-0.704508175652264	1.72572439926796
"262"	-0.905765682032564	0.227438500674236	1.22430368074845	-0.374984890328953	-0.678327181358328	0.849318790419492
"263"	-0.80743631190052	0.614366628605275	-0.634874553610411	0.356943866551595	-0.193069683295244	-0.277930687058816
"264"	-0.269114267141541	0.891580357743571	0.142173452475271	0.886192788741812	0.622466090602031	1.02836624121708
"265"	1.01101804182465	0.9986631538937	-0.483650394555625	0.716476423714273	2.00968119571835	0.232826029158648
"266"	-0.0916596766211521	0.732764636177017	0.490629626590963	0.880006140635291	0.641104959555865	1.37063576722625
"267"	0.0585618621036459	0.662345606186862	-0.646559474112762	-0.159878386902626	0.720907468290508	-0.806437861015388
"268"	-0.0207118603472705	0.641932649463673	-0.326253174018015	1.24624675776729	0.621220789116403	0.91999358374928
"269"	-0.877766993325702	-0.251184674104118	-1.26119764562334	-0.207193668358972	-1.12895166742982	-1.46839131398231
"270"	-0.101034799923563	0.325520835153284	-0.0696036275711869	0.690824482442251	0.224486035229721	0.621220854871064
"271"	-0.543560811236443	-0.318078181349265	0.163282867402842	0.189664619186726	-0.861638992585708	0.352947486589568
"272"	0.0627114843561763	0.893838135387789	0.802811408248297	-0.631267474865786	0.956549619743966	0.171543933382511
"273"	-1.43415350681569	-0.0746718774493838	1.05720771206024	-0.367095763219008	-1.50882538426507	0.690111948841237
"274"	0.00744916633794477	-0.668982589751786	-0.400009859274872	0.979124382529885	-0.661533423413842	0.579114523255013
"275"	0.445961080825056	-0.268206555356325	-0.286447247693092	0.047000356747097	0.177754525468731	-0.239446890945995
"276"	-0.412262908443439	0.347275998969907	-0.0872754021728518	0.257281627463138	-0.0649869094735312	0.170006225290286
"277"	0.370216331975202	-0.359293645919345	-0.625059663321182	-0.493412148536446	0.0109226860558571	-1.11847181185763
"278"	0.59630215912205	-2.25859640216303	0.751134016931136	-0.36135975144625	-1.66229424304098	0.389774265484886
"279"	0.11021430050757	-0.969391714660869	0.705550307234494	-0.47614423154121	-0.859177414153299	0.229406075693284
"280"	0.228743931345323	0.270074497414103	0.210685634300637	-0.240180208480653	0.498818428759426	-0.0294945741800167
"281"	1.54582485896913	0.704280730391217	-0.0933290134556798	-0.678975805469372	2.25010558936035	-0.772304818925052
"282"	0.471348682744856	0.431589268715965	0.973808411571138	-1.10295576502896	0.902937951460821	-0.12914735345782
"283"	-1.30517553273142	-0.443397945525544	-0.764915213767522	-0.200111132290045	-1.74857347825696	-0.965026346057568
"284"	0.769397844435938	-0.223865511693941	-0.464413419465995	0.642735057311653	0.545532332741997	0.178321637845657
"285"	0.668563848309266	-0.245506452047403	0.531268509411882	1.41485995339755	0.423057396261862	1.94612846280944
"286"	0.126519770351528	-0.0403851380092176	0.92102196871563	0.164088695106221	0.0861346323423107	1.08511066382185
"287"	-0.189650370101811	-0.28565211331194	-0.96461968583892	-0.466931724897349	-0.475302483413751	-1.43155141073627
"288"	-0.997141369232135	0.145482809185276	-0.92752751746981	-0.569263275580843	-0.851658560046859	-1.49679079305065
"289"	0.821288375291333	-0.543141874998392	-0.256134785012517	-0.399669690750086	0.278146500292941	-0.655804475762603
"290"	-1.65136742798047	0.572734393991505	0.693986993321303	0.635675929278272	-1.07863303398896	1.32966292259957
"291"	-0.743513976144426	0.116938724960302	0.322512660217272	-0.131747346295696	-0.626575251184124	0.190765313921575
"292"	0.330783662934979	-0.530658628652298	0.769535458992525	1.20603604858111	-0.199874965717319	1.97557150757363
"293"	-0.470999305738481	0.136876134326596	0.33429194757783	-0.196838440138656	-0.334123171411886	0.137453507439174
"294"	-0.608160819827956	1.40800066377968	0.422489043682334	-0.484634595643606	0.79983984395172	-0.0621455519612719
"295"	-0.473422725824586	-0.907440025004543	-0.359182884626179	-0.804151824523593	-1.38086275082913	-1.16333470914977
"296"	0.25924707388106	0.0838698350634922	-0.770117511720061	0.393585650109379	0.343116908944552	-0.376531861610683
"297"	-0.397185515992397	-0.605922535017205	0.582938926279784	-0.141829618042185	-1.0031080510096	0.441109308237598
"298"	-0.190733805096342	-0.220503603771687	0.390409034637022	1.2021360490727	-0.411237408868029	1.59254508370972
"299"	-0.611585946894104	0.789338229761147	-0.997633272767283	0.292133484853979	0.177752282867042	-0.705499787913304
"300"	0.568787128461818	0.198134395928111	-0.588916269724795	-0.224888244335382	0.766921524389929	-0.813804514060177
"301"	0.343877687319871	0.983803247112695	1.4843279341352	0.282654179494445	1.32768093443257	1.76698211362965
"302"	-0.262820493443335	-0.220392018334949	0.728955488544239	-0.0714433622374617	-0.483212511778284	0.657512126306778
"303"	-0.394237378978678	-0.584338378143523	-0.708280763631861	-0.0100984759273359	-0.978575757122201	-0.718379239559197
"304"	0.809805404091087	0.776371268984367	-0.406240361010955	1.60421590283493	1.58617667307545	1.19797554182397
"305"	-0.462806861686165	-0.653695401518618	0.419274675567738	-0.72481387689422	-1.11650226320478	-0.305539201326482
"306"	-0.100233647304799	1.32989477321415	-0.25158386604245	-0.635451146808909	1.22966112590935	-0.887035012851358
"307"	0.0707872001702535	-0.698623047764826	0.327252157404208	-0.453332338553987	-0.627835847594572	-0.126080181149779
"308"	-0.731700739329212	-0.16151117620886	0.6753260513832	0.190873757710032	-0.893211915538072	0.866199809093232
"309"	0.345888535146795	-0.213889509588046	-0.174379473073227	-0.767588144406625	0.131999025558749	-0.941967617479852
"310"	0.248376855486761	2.09114506636829	0.996564165743536	-0.818370359567021	2.33952192185505	0.178193806176515
"311"	0.0501526193746936	0.0799508002159626	0.590336209548881	-0.722776059812977	0.130103419590656	-0.132439850264096
"312"	0.942246337631412	-0.407283333572254	-0.27248751532545	0.724864172800943	0.534963004059158	0.452376657475493
"313"	0.88790106500023	0.185304558916659	0.933713190052932	0.0726896865081064	1.07320562391689	1.00640287656104
"314"	-1.1496017900315	0.487166886423974	-0.583853561384665	-0.0772190368715941	-0.662434903607522	-0.661072598256259
"315"	-1.23163694323989	0.314918170686579	-0.499014982790304	-0.448949097379699	-0.916718772553313	-0.947964080170003
"316"	0.786869200875491	0.167162663238323	-0.376511791426593	-1.13588118033205	0.954031864113814	-1.51239297175865
"317"	0.349782466739995	0.239794874334366	0.823681346109082	-2.03589286839787	0.589577341074361	-1.21221152228878
"318"	-0.842992951881116	-0.296615532024463	-0.143721775944645	0.21102976742004	-1.13960848390558	0.0673079914753956
"319"	-0.211344154501502	-0.235414442248913	0.41185120508619	-0.612795166224908	-0.446758596750416	-0.200943961138719
"320"	-0.79789701867351	0.0172863421507935	0.686826669141272	-0.401219471858067	-0.780610676522716	0.285607197283205
"321"	-0.247745937818809	-0.820585019318835	-0.39386583728318	2.39137492077298	-1.06833095713764	1.9975090834898
"322"	-0.107294047212889	-0.329944523316542	-0.0621656728040192	-0.708226544626502	-0.437238570529431	-0.770392217430521
"323"	0.0469567599033902	-0.523343425605575	0.0633658339224726	-0.417094362057643	-0.476386665702185	-0.35372852813517
"324"	-1.17789149983793	0.948891184887097	0.0763321145649247	0.107946579689173	-0.229000314950833	0.184278694254098
"325"	0.544035667665857	-1.53663040570015	-1.23071062215455	-0.135244438627944	-0.99259473803429	-1.36595506078249
"326"	-2.09739469614323	1.59684952129938	0.868132515161015	0.137059243484636	-0.500545174843851	1.00519175864565
"327"	-1.75447210771002	-0.565833622446295	1.27931391073977	0.0562271365236367	-2.32030573015632	1.33554104726341
"328"	0.307644790850607	-0.0552665708998232	0.501790980794223	0.193836359484258	0.252378219950784	0.69562734027848
"329"	-0.256833281614294	-0.539669005779519	-0.163475046926953	-0.0347899537009159	-0.796502287393813	-0.198265000627869
"330"	0.29391456937936	0.071040640118183	0.0766493044185031	0.516512158287715	0.364955209497543	0.593161462706219
"331"	-0.934647892469777	-0.4518148194349	0.900832966253534	-1.01579039984378	-1.38646271190468	-0.114957433590245
"332"	0.862202019786271	-0.0745477769061076	1.74625855267339	0.154887916286068	0.787654242880164	1.90114646895945
"333"	0.151338889903803	0.158228418245135	-0.397186140819426	1.09401103203846	0.309567308148938	0.696824891219035
"334"	-1.0499378553786	-0.0233734412065854	1.01897355773395	-0.389822708676212	-1.07331129658519	0.629150849057739
"335"	1.46454585372635	0.258884845343652	-0.650185511517735	0.24821575490846	1.72343069907	-0.401969756609275
"336"	0.474707358557135	-0.267007257592931	0.606317734289302	0.223135489704825	0.207700100964204	0.829453223994127
"337"	-0.248561457945083	0.0367416451994875	-0.183166840983726	-0.18860567344721	-0.211819812745595	-0.371772514430936
"338"	-0.282515682077655	-0.668040376906982	0.15384545581829	0.67321012563588	-0.950556058984637	0.82705558145417
"339"	-0.872661494402539	-0.928115656257786	-1.09501518771064	-0.841996401888847	-1.80077715066032	-1.93701158959948
"340"	-0.120874533174358	-0.141290941136486	0.323536602965596	0.608634654660165	-0.262165474310844	0.932171257625761
"341"	0.700324298163986	0.638652635105563	0.450492071805752	0.981262770654293	1.33897693326955	1.43175484246005
"342"	-0.459200903942029	-0.579120377458486	0.350422464205511	0.361159189743737	-1.03832128140052	0.711581653949247
"343"	1.11425898483682	0.662751418133129	-0.152712345001113	2.23291897278833	1.77701040296995	2.08020662778722
"344"	0.0161480733607042	0.2944235674941	0.395515282738914	0.012297207302463	0.310571640854804	0.407812490041377
"345"	-0.442608464269013	1.10438842232094	-1.46232893036236	-0.368931808602347	0.661779958051923	-1.83126073896471
"346"	-0.468957295466619	-0.810343136922911	-0.429279603271421	0.289955085966383	-1.27930043238953	-0.139324517305038
"347"	-0.900863056700518	-0.609562857534382	-0.13654941878372	0.796143709964245	-1.5104259142349	0.659594291180525
"348"	0.193643277791076	-0.0299921293148387	-1.34086131033828	1.12795213133916	0.163651148476237	-0.212909178999118
"349"	-0.783534281106841	0.718292134086982	-0.988313813846026	0.0261200298391727	-0.0652421470198586	-0.962193784006853
"350"	0.574737128778186	0.79166075908938	-0.964995642347137	0.118687047141652	1.36639788786757	-0.846308595205484
"351"	0.0263638401871723	-0.440986227519839	-1.02045762678523	0.210314795100649	-0.414622387332666	-0.81014283168458
"352"	0.309109360783253	0.850171274338651	-0.0399000425583144	1.52590779202753	1.1592806351219	1.48600774946921
"353"	-0.889754127926105	-0.952995239988321	-0.318891296223796	0.962839587518792	-1.84274936791443	0.643948291294996
"354"	0.480761281281908	0.541222381255434	0.331274248387307	-0.00410839447250469	1.02198366253734	0.327165853914803
"355"	-1.68158239240501	0.149228943965841	0.389840023256237	-0.67916516027229	-1.53235344843917	-0.289325137016052
"356"	-0.848580277491142	-0.174264733636878	0.317597422140208	0.123714837993953	-1.02284501112802	0.44131226013416
"357"	0.19836542377339	0.0229800490855477	0.0132886751217976	0.597167492103119	0.221345472858937	0.610456167224917
"358"	-0.361513939985804	-0.671042994047683	-0.0708520271207099	0.245657298824088	-1.03255693403349	0.174805271703378
"359"	-0.901013399244801	1.45713207059956	1.10936374359934	-0.536657920462136	0.556118671354761	0.5727058231372
"360"	0.822275280909609	-0.133311647743485	1.04001628312811	1.07383114569085	0.688963633166124	2.11384742881895
"361"	0.504736238282222	-0.406052228030853	1.14268810959424	1.33964982408926	0.0986840102513685	2.4823379336835
"362"	-0.192639961292117	0.553970125223392	0.356284765818945	-0.0941449633251026	0.361330163931275	0.262139802493842
"363"	-0.0198270833958818	0.687619991969075	-0.514865234260188	-0.0963913712454591	0.667792908573193	-0.611256605505647
"364"	-0.577765424020161	-0.00164933857933633	-0.366629590970734	-1.23960880012012	-0.579414762599497	-1.60623839109085
"365"	-0.427450363424912	0.329281165502593	0.476486100203309	0.575083186697894	-0.0981691979223182	1.0515692869012
"366"	-0.225984005721645	-0.149947265856878	0.320345104784636	-0.785204685389367	-0.375931271578522	-0.464859580604731
"367"	-1.42601203794058	-0.302738018238881	0.212868839929964	0.118228804298686	-1.72875005617946	0.33109764422865
"368"	0.459221637710324	-1.3116966390767	-0.714081183117674	-0.354309211526716	-0.852475001366379	-1.06839039464439
"369"	0.571659699567129	-0.261855063851684	0.17073964332293	0.973183618711303	0.309804635715445	1.14392326203423
"370"	-0.644636608312739	0.430598162843263	0.0970416178071236	-1.07594746128529	-0.214038445469476	-0.978905843478166
"371"	-0.797015369704519	-0.0229081598273609	-0.168853101262634	0.798490504744801	-0.81992352953188	0.629637403482167
"372"	-0.264870686816418	-1.43464415328805	-0.627839647424697	2.04228017811071	-1.69951484010447	1.41444053068601
"373"	0.800035419634542	-0.225418599172319	0.465552970244765	0.30881387836825	0.574616820462223	0.774366848613015
"374"	0.0799495589210769	-1.00964193908964	0.049671668185569	0.627815907887175	-0.929692380168566	0.677487576072743
"375"	-0.296856775810772	1.48021448532783	-0.605542050789675	0.849519462885779	1.18335770951706	0.243977412096104
"376"	0.64723773543365	0.290220215332211	-0.529714189097087	-0.502406849033991	0.93745795076586	-1.03212103813108
"377"	0.21684504635325	-0.238719028574386	0.893445023013262	0.378903891517512	-0.021873982221136	1.27234891453077
"378"	0.805868543391905	-1.33657338741067	-0.878303523909993	0.382310211384025	-0.530704844018764	-0.495993312525968
"379"	0.135758059856068	-0.0149886282804051	0.1571417745314	1.21708569194764	0.120769431575662	1.37422746647904
"380"	0.50829772149663	-0.72969995987923	0.716650265265688	-0.0548025687812222	-0.2214022383826	0.661847696484466
"381"	-0.570888772277	0.853543794306493	-0.551080064443034	-0.798983562810054	0.282655022029493	-1.35006362725309
"382"	-0.819428118618441	-0.0520996226832419	-0.885501559584263	0.35658578632471	-0.871527741301683	-0.528915773259552
"383"	-0.79200489875856	0.433753574424224	-0.284822289485623	-0.0703603094517601	-0.358251324334336	-0.355182598937383
"384"	-0.565332009834715	-0.0267676952327532	0.493898380672815	-1.19167584164895	-0.592099705067468	-0.697777460976133
"385"	-0.481752831125014	0.235696990014423	0.0631422734544735	-0.752703428326787	-0.246055841110591	-0.689561154872313
"386"	-1.01872213472809	-0.139284021304213	0.0857791515393471	0.0636838224953982	-1.1580061560323	0.149462974034745
"387"	0.843165396535243	-0.103622049263232	-0.465163891759426	0.355054794845905	0.739543347272011	-0.110109096913521
"388"	-1.08239213428075	-0.253681185886637	-0.107063625982134	0.820927022925635	-1.33607332016739	0.713863396943501
"389"	-0.292201430496729	-1.24911371036395	-0.557495354790758	0.345272325166221	-1.54131514086067	-0.212223029624537
"390"	-0.52315288385405	-0.276862341685394	0.447922362401316	0.553122546113009	-0.800015225539444	1.00104490851433
"391"	-0.848284179941475	-0.538266057982679	0.542084937239344	-0.779742532370423	-1.38655023792415	-0.237657595131079
"392"	0.584188143476172	-0.0460877322009942	-0.463263926345393	0.248661931788234	0.538100411275177	-0.214601994557159
"393"	-0.393324342443022	1.24270775567115	-0.343424041695143	0.290481684182742	0.849383413228127	-0.052942357512401
"394"	0.242901382104591	-0.507804226109715	0.182652134012213	-1.3227575472186	-0.264902844005124	-1.14010541320639
"395"	0.363660724824104	0.770793795032594	1.28082101863504	0.567264746985794	1.1344545198567	1.84808576562083
"396"	-0.0606450552895808	0.380189439186595	-0.651811653016678	0.497516077314745	0.319544383897015	-0.154295575701934
"397"	0.630437515460916	-1.38298548702543	-0.814620053178989	0.703543408301875	-0.752547971564515	-0.111076644877114
"398"	0.441956103229535	-0.351108056966884	-0.71400040420072	1.17720981290944	0.0908480462626514	0.463209408708715
"399"	1.3715807637577	-0.386085502257538	0.542526926027927	-1.61318357570556	0.985495261500162	-1.07065664967764
"400"	-0.0733424357594164	0.224904766896056	-0.223418637601645	0.347007539065426	0.15156233113664	0.123588901463781
"401"	-1.53652863195058	-0.456941876608417	0.0111544300802736	1.04146730243932	-1.993470508559	1.05262173251959
"402"	0.43033648080421	1.19498971387694	-0.703780393776572	-0.35766731126067	1.62532619468115	-1.06144770503724
"403"	0.125673691452213	-0.0395941694043267	0.144579016067194	-0.619143755834367	0.0860795220478862	-0.474564739767173
"404"	-0.321514362125469	-0.59098480302019	0.549512678920859	-0.591106713823748	-0.912499165145659	-0.0415940349028893
"405"	0.123839434365238	-0.429013047303237	0.494217625324298	0.561169661454571	-0.305173612938	1.05538728677887
"406"	-0.87538305366505	0.781121231193355	-0.384312056324668	1.23000402181482	-0.0942618224716955	0.845691965490152
"407"	-0.528266626998004	0.210737827000771	-0.0740749984568367	0.110624021798956	-0.317528799997233	0.0365490233421191
"408"	0.33591996005287	-0.09859196541284	-0.946227601697165	-0.44097256089063	0.23732799464003	-1.3872001625878
"409"	0.989657830583356	-0.157784319509047	0.725085333446506	2.00632812012939	0.831873511074309	2.7314134535759
"410"	0.376820570631139	0.866252503869706	-0.538760664309672	-0.436290998250709	1.24307307450085	-0.975051662560381
"411"	-0.306237266097124	0.397883354091097	0.0734949868489991	-1.0657730248639	0.0916460879939724	-0.992278038014905
"412"	-0.700788843344967	-0.289192382308332	1.02077866918246	-0.783635562387662	-0.989981225653299	0.237143106794796
"413"	0.00559130059200681	0.887130911265066	-0.851213512931953	-0.995732475784135	0.892722211857073	-1.84694598871609
"414"	0.720814807272994	0.495946410499893	-0.29683719004918	-0.175540724474038	1.21676121777289	-0.472377914523217
"415"	-0.561916086606407	1.17180327294344	1.53539229357813	0.296448921977553	0.609887186337038	1.83184121555569
"416"	-0.0603252566266064	1.09253733504236	0.391129830883786	-0.886736793410374	1.03221207841576	-0.495606962526588
"417"	-0.48455111548233	-0.230586020037878	-0.158996890609279	0.354764430003052	-0.715137135520207	0.195767539393774
"418"	0.113401495320784	0.34226829760607	-1.03509527430657	0.0936365005061018	0.455669792926853	-0.941458773800469
"419"	0.454684039709043	-0.853729566149504	0.977552782936704	-0.134222153500135	-0.399045526440461	0.843330629436569
"420"	0.623418618503539	0.0618515975638686	-0.252648771193269	0.484286404862461	0.685270216067408	0.231637633669193
"421"	-0.509569605071393	0.87544974259666	1.71707479678204	0.513451371498647	0.365880137525267	2.23052616828069
"422"	-0.248024873708092	-2.15725551242151	-0.795415691739588	-1.85499444449967	-2.40528038612961	-2.65041013623926
"423"	0.361288106764343	1.22095141764368	1.82174721777419	1.50733920197361	1.58223952440802	3.3290864197478
"424"	0.563606775246286	0.586819292616067	-0.324164913550228	-0.692368098216614	1.15042606786235	-1.01653301176684
"425"	0.541084166426522	-0.217898729445652	-0.448835533753981	-0.379489172913843	0.323185436980871	-0.828324706667824
"426"	-0.432018552687517	0.54223928446125	-0.408707317630169	1.35807056721321	0.110220731773732	0.949363249583041
"427"	0.0399249310123336	1.50695543065963	-0.815425968858245	-0.214667803528375	1.54688036167197	-1.03009377238662
"428"	0.251784372266405	0.632311617547985	-0.457826042470169	1.38824851890707	0.88409598981439	0.930422476436905
"429"	-0.107546948399868	0.575233795016947	-0.443741628582607	-0.147021333182458	0.467686846617079	-0.590762961765065
"430"	-0.415628201793585	-0.433365531272155	0.324276559464807	0.922309200542647	-0.84899373306574	1.24658576000745
"431"	-0.673209101143509	1.25315705333387	-0.1762400239057	0.0348396178786685	0.579947952190361	-0.141400406027031
"432"	0.444116428296626	1.72342485941185	0.205307490242148	0.651143816619523	2.16754128770848	0.856451306861671
"433"	0.196403563097387	1.01508957897918	0.472067276960182	0.355744504908316	1.21149314207656	0.827811781868498
"434"	-0.531046435495716	0.592725386215951	0.0414907805490815	0.174878763942166	0.0616789507202353	0.216369544491248
"435"	-0.530990358609414	0.213512722433315	-0.574490488307692	-0.535882811591108	-0.317477636176098	-1.1103732998988
"436"	0.0327886725078806	-0.0841462116321795	-0.117149327097225	-0.437131525697431	-0.0513575391242989	-0.554280852794656
"437"	-0.83931416726965	-0.802140657775117	-0.0494023354755479	0.584533408522154	-1.64145482504477	0.535131073046606
"438"	-1.10601169758885	-0.202893001374117	0.561988599253629	-0.317160576285233	-1.30890469896297	0.244828022968396
"439"	0.900589965161089	-0.33375079418849	0.684697835198997	0.877119772994075	0.566839170972599	1.56181760819307
"440"	0.0402056097834999	0.0291633507511961	0.567573986815037	-0.240337893153447	0.0693689605346959	0.32723609366159
"441"	-0.3038558488725	0.447431679260576	-0.567098970949459	1.22217597060836	0.143575830388076	0.655076999658903
"442"	-0.158468428195283	-0.289657891442936	0.41091160787552	-0.886722440834695	-0.448126319638219	-0.475810832959175
"443"	0.507907728638277	-0.0549093744271855	1.00499211923822	-1.59068426778401	0.452998354211091	-0.585692148545793
"444"	-0.40365940631713	0.406425769237767	1.13746568527566	-1.14022696662618	0.00276636292063698	-0.00276128135051157
"445"	1.01769264015621	0.40274775346556	-0.381822245252727	-0.946266558023349	1.42044039362177	-1.32808880327608
"446"	-0.343427023564436	0.166342722451442	-1.49468408619905	0.875842516544709	-0.177084301112994	-0.618841569654337
"447"	-0.0924070811663529	0.677197125254937	-0.357227996792376	0.645153992118038	0.584790044088584	0.287925995325662
"448"	0.0442217315266364	0.798470750926554	0.765407066808202	1.26522242626364	0.842692482453191	2.03062949307184
"449"	-0.38296531825467	1.28493240317905	0.18022506515443	0.704686389366501	0.901967084924383	0.88491145452093
"450"	-1.15239562797104	-0.00577381242043476	0.523761213377139	0.325168188689217	-1.15816944039148	0.848929402066356
"451"	-1.13250207879926	-0.374765512244108	-0.422892335071296	0.644190471782536	-1.50726759104337	0.22129813671124
"452"	0.210469893635734	-0.318050555667438	0.424191186144214	0.895926309713704	-0.107580662031704	1.32011749585792
"453"	0.719100739079419	0.578063713289486	-1.08580791477698	0.552973403872501	1.2971644523689	-0.532834510904482
"454"	-0.806053132058144	0.0369370686632072	-0.239182225755415	0.350611324581451	-0.769116063394936	0.111429098826036
"455"	-0.136426858673894	-0.347921901807458	-0.174311400987685	0.398447253016306	-0.484348760481351	0.224135852028621
"456"	0.771383698367753	-0.128993384299089	1.05276605800445	1.00947452904121	0.642390314068664	2.06224058704566
"457"	0.0537754574104358	-0.277584931310197	0.506748300532139	-0.93402446950502	-0.223809473899762	-0.427276168972881
"458"	0.190789032418675	0.769513451615639	-0.125561968125518	1.09933317309301	0.960302484034313	0.973771204967488
"459"	0.138133313729115	-0.834626329953718	-0.0451750844019627	0.945885829618052	-0.696493016224602	0.90071074521609
"460"	0.113702296809849	0.220882641178228	1.35279788111682	-0.876224287172465	0.334584937988077	0.476573593944352
"461"	1.40799181532856	1.11024316371625	0.264680875924843	-0.0476266250473805	2.51823497904481	0.217054250877462
"462"	-0.363023987543513	0.975959540357584	0.605179864355441	-0.0307598647016948	0.612935552814071	0.574419999653746
"463"	-0.843749434748727	-0.551472156372882	0.974292206795732	0.840031120608272	-1.39522159112161	1.814323327404
"464"	0.971811392849153	0.00853270296511795	0.335789001700734	2.21341379961493	0.980344095814271	2.54920280131566
"465"	-0.377558426909743	-0.00932671076299325	0.407994489395585	-0.18144673231062	-0.386885137672736	0.226547757084965
"466"	-1.08569791962135	0.5194348830047	0.627327878593854	0.116020792486673	-0.566263036616647	0.743348671080527
"467"	0.181349611283966	0.344536037075627	0.900090170239703	0.602643780674905	0.525885648359594	1.50273395091461
"468"	1.42793598020421	0.83125809455971	0.499051304578561	0.864712388780626	2.25919407476392	1.36376369335919
"469"	-0.584288528429845	0.183346341593647	0.142709525313016	0.576393394515299	-0.400942186836198	0.719102919828316
"470"	-0.18131409814523	0.51110621751072	-0.221107918123563	-1.28666275859695	0.32979211936549	-1.50777067672051
"471"	-0.73104765684945	-0.170644854127212	0.210276378864941	0.137656221893547	-0.901692510976662	0.347932600758488
"472"	-0.286156969343049	-0.345008651659735	0.0293789700302977	-0.0260524267527986	-0.631165621002784	0.00332654327749908
"473"	-1.01941509924822	-0.176001022784654	0.823343843284199	0.11094405331742	-1.19541612203287	0.934287896601618
"474"	-0.306636723773664	-0.0138324119273709	-1.74987154926605	-0.883852971374263	-0.320469135701035	-2.63372452064032
"475"	0.433814308427818	0.587706228870678	0.10990607119662	-0.126631356895352	1.0215205372985	-0.016725285698732
"476"	-0.277637102111418	0.704379976509073	-0.332348412919393	1.0510684715074	0.426742874397654	0.718720058588011
"477"	0.17460508731684	-0.692670447021453	-0.638667324229618	-0.452969929124731	-0.518065359704613	-1.09163725335435
"478"	-1.6250965405212	-1.05769518798699	0.567247590483837	-0.386057689012197	-2.68279172850819	0.181189901471639
"479"	0.649037607197974	-1.14861656014993	0.666874640125321	-0.123673682993957	-0.499578952951959	0.543200957131365
"480"	-0.0569732178080204	0.335854847130915	-0.259246657901634	0.678079647391057	0.278881629322895	0.418832989489422
"481"	0.177507256825508	0.125485256795965	0.395904914620231	-1.10459802140922	0.302992513621473	-0.708693106788993
"482"	-0.606346676326637	0.442833357999755	0.572843681097132	-1.10608205209715	-0.163513318326882	-0.533238371000015
"483"	-0.30243135230654	1.30699707539837	-0.853980455486786	0.259097233546619	1.00456572309183	-0.594883221940167
"484"	0.888823930332387	0.824410657021427	0.731479882264201	0.0787528965793977	1.71323458735381	0.810232778843599
"485"	0.359636158732664	-0.0509993651145135	0.982497134190795	0.609669506206093	0.308636793618151	1.59216664039689
"486"	0.581671709110122	-0.333910985023622	-0.567459512164348	-0.123832630674553	0.2477607240865	-0.691292142838901
"487"	-0.273888719802976	0.793842160240621	0.174051204139578	-0.250873572323659	0.519953440437645	-0.0768223681840815
"488"	-0.798876971173803	0.0205606725328692	-0.0735721192837362	-0.906349523289054	-0.778316298640933	-0.97992164257279
"489"	-0.502299525207302	-0.499168752220465	-0.362887347961021	-0.110600249756131	-1.00146827742777	-0.473487597717152
"490"	-0.0911553919749238	0.196766248885625	1.87165651351214	-0.713695587032088	0.105610856910701	1.15796092648005
"491"	0.735942986592384	0.768650762557136	-0.0902821954776373	-0.0237742926092658	1.50459374914952	-0.114056488086903
"492"	0.601846371222067	1.08582361916944	0.840448309620205	-1.03822685467729	1.6876699903915	-0.197778545057089
"493"	-0.251235595554259	-0.237332054190477	-1.51753774576655	-0.717604155087528	-0.488567649744736	-2.23514190085407
"494"	0.305671809031293	0.550801138352244	-0.356336016818789	-1.35180585783822	0.856472947383537	-1.70814187465701
"495"	-0.322458709782736	-0.353764927359286	-0.348682509517826	-1.71449440387505	-0.676223637142021	-2.06317691339287
"496"	0.454568426946571	-0.669299462423399	1.48494274455382	-0.77901123406325	-0.214731035476829	0.705931510490567
"497"	-0.944462698721361	-1.24605569383539	0.282485096217061	-0.506217097575494	-2.19051839255675	-0.223732001358433
"498"	1.2292162880756	0.569866478376205	-0.53280517400268	-0.0741426628279799	1.7990827664518	-0.60694783683066
"499"	-0.25138273695243	-0.559905230253161	-0.120753345475137	1.17542096396695	-0.811287967205591	1.05466761849181
"500"	0.748311254720331	0.307186968300473	-0.262021188427397	0.734450502932554	1.0554982230208	0.472429314505157
