"V1"	"V2"	"V3"	"V4"	"V5"	"V6"
"1"	-0.440867429609946	-0.30331312205095	-0.22141548208113	-0.460212616833799	-0.744180551660896	-0.68162809891493
"2"	-0.678797567427987	0.0438604871242855	-0.576212024032101	-0.162317097263722	-0.634937080303701	-0.738529121295823
"3"	-0.527567759550751	0.173174091221492	-0.583580808164119	-0.575728056610807	-0.354393668329259	-1.15930886477493
"4"	-0.926512704311343	0.0136542665648221	-0.560031210911413	0.0286696856231796	-0.912858437746521	-0.531361525288234
"5"	-0.444314669335296	0.18124752209924	-0.108375045844068	-1.15942649854967	-0.263067147236056	-1.26780154439373
"6"	-0.918342796566258	-0.0442033625560766	-0.490690114901647	0.0389439989479979	-0.962546159122334	-0.451746115953649
"7"	-0.500107949960948	-0.390661748470392	-0.321574907786211	-0.201674075678691	-0.89076969843134	-0.523248983464902
"8"	-0.315595429327841	-0.0142211417951485	-0.41914595032351	-0.813120148308723	-0.32981657112299	-1.23226609863223
"9"	-0.245989275238437	-0.566668734022957	-0.184571303826361	-0.345481349380694	-0.812658009261394	-0.530052653207055
"10"	-0.18926081040486	-0.417893444703666	-0.567274578221407	-0.227502728966242	-0.607154255108526	-0.794777307187648
"11"	-0.181955723824279	-0.388823633130381	-0.593506944879482	-0.311402286280984	-0.570779356954661	-0.904909231160466
"12"	-0.412062055254061	-0.0916787457217056	-0.313893102119785	-0.639302676128433	-0.503740800975766	-0.953195778248217
"13"	-0.381758421429614	-0.0495383962009254	-0.77415154906089	-0.216235505174442	-0.431296817630539	-0.990387054235331
"14"	-0.32139595990513	-0.107056381577905	-0.689084906565728	-0.361403070054727	-0.428452341483035	-1.05048797662046
"15"	-0.461957968527912	-0.432976115172679	-0.223526880151872	-0.274890285363938	-0.894934083700591	-0.498417165515811
"16"	-0.1643484806712	-0.171578503703403	-0.488415478209497	-0.715592974430669	-0.335926984374603	-1.20400845264017
"17"	-0.694446552016556	0.272810644926503	-0.664721951906854	-0.281284811172365	-0.421635907090054	-0.94600676307922
"18"	-0.309028677068708	-0.148448419506638	-0.0724736155872108	-0.831846538036752	-0.457477096575346	-0.904320153623963
"19"	-0.626634933614258	-0.118798977092456	-0.111432080962327	-0.528449103337388	-0.745433910706714	-0.639881184299715
"20"	0.00263560859807708	-0.715128913061092	-0.240658686216821	-0.372380152589278	-0.712493304463015	-0.613038838806099
"21"	-0.320814540985619	0.0334149496050474	-1.04423451725554	-0.381242970332556	-0.287399591380571	-1.4254774875881
"22"	-0.417421131515659	-0.538062035838591	-0.21546144222768	-0.254111425335129	-0.95548316735425	-0.469572867562809
"23"	-0.328657225450773	-0.884613179721843	-0.0474781834534757	-0.351638907364971	-1.21327040517262	-0.399117090818447
"24"	-0.650602069357982	-0.0231256035392899	-0.109929857494367	-0.571368170315085	-0.673727672897272	-0.681298027809452
"25"	-0.879491049671368	-0.625700320928011	-0.301517843512965	0.00627553650434039	-1.50519137059938	-0.295242307008625
"26"	-0.632702158984858	-0.830543387659805	0.0831117655566914	-0.350915355802604	-1.46324554664466	-0.267803590245913
"27"	-0.873250068771613	-0.385808357968583	-0.0566577753193847	-0.277692911337927	-1.2590584267402	-0.334350686657312
"28"	-0.0769561685633926	-0.200915076289617	-0.563872777859126	-0.843680501524914	-0.27787124485301	-1.40755327938404
"29"	-1.1675003116793	-1.72829286255134	0.0120031829443439	-0.0829942234836531	-2.89579317423065	-0.0709910405393092
"30"	-0.556006194111396	-0.0602033938548108	-0.221141284007747	-0.582585449524189	-0.616209587966207	-0.803726733531936
"31"	-0.407757991177128	-0.0697686873168025	-0.618750282704723	-0.300848025548604	-0.477526678493931	-0.919598308253326
"32"	-0.00711640046305011	-1.01133448304753	-0.0209454832860107	-0.399292895460819	-1.01845088351058	-0.420238378746829
"33"	-0.804761729104061	-0.105296717800564	-0.376305314980348	-0.112562696764321	-0.910058446904625	-0.488868011744669
"34"	-0.116684849353881	-0.725373176991857	-0.276482088013694	-0.263888866040688	-0.842058026345738	-0.540370954054382
"35"	-0.33082798082792	-0.185412081012957	-0.99908938935055	0.0860375704644122	-0.516240061840877	-0.913051818886137
"36"	-0.41444289264608	0.0418905834920463	-0.566240294009968	-0.626040418745388	-0.372552309154033	-1.19228071275536
"37"	-0.689488553919071	-1.0304967425792	-0.0812093692406725	-0.103146340669087	-1.71998529649827	-0.184355709909759
"38"	-0.358807019940029	-0.364696899878004	-0.247784405622799	-0.425458348253412	-0.723503919818033	-0.673242753876211
"39"	-0.423708364837038	-0.20540070922329	-0.508421765676263	-0.258949239609156	-0.629109074060328	-0.767371005285419
"40"	-0.613912375676746	-0.160491088838954	-0.159749092588778	-0.463070444768683	-0.7744034645157	-0.622819537357461
"41"	-0.0791683879923645	-0.528989274796236	-0.0733940204189529	-0.71390482005998	-0.6081576627886	-0.787298840478933
"42"	-0.708677824652728	-0.165746348838957	-0.313236685095478	-0.226344299617208	-0.874424173491685	-0.539580984712686
"43"	-0.509573624920504	-0.155438728587498	-0.0242795440062424	-0.706057964125853	-0.665012353508003	-0.730337508132096
"44"	-0.573526512511802	-0.123907845937273	-0.392215057859507	-0.27033073200052	-0.697434358449075	-0.662545789860026
"45"	0.480140517078373	-0.96475299941565	-0.410227877451837	-0.547471144858222	-0.484612482337276	-0.957699022310059
"46"	-0.253026854965164	-0.274817714953263	-0.690427266501357	-0.260487695616757	-0.527844569918427	-0.950914962118114
"47"	-1.45988959676622	-0.294806845158276	-0.080117667109432	-0.0563337860952296	-1.7546964419245	-0.136451453204662
"48"	-0.444863306831908	-0.168103695841673	-0.674264500247873	-0.119263147891347	-0.61296700267358	-0.793527648139221
"49"	-0.35933708386277	-0.428582727994569	-0.320127769041039	-0.19326557195041	-0.787919811857339	-0.51339334099145
"50"	-0.75401449184408	0.499570423679764	-0.603193818969629	-0.730519310603534	-0.254444068164316	-1.33371312957316
"51"	-0.166233991144391	-0.769617211656733	-0.298379663054452	-0.205759375627288	-0.935851202801124	-0.50413903868174
"52"	-0.510271183680045	0.150824992354081	-1.07431343895561	-0.109470927044935	-0.359446191325964	-1.18378436600054
"53"	-0.609449994775382	0.122221336619131	-0.352211808788673	-0.657402076573709	-0.48722865815625	-1.00961388536238
"54"	-0.963542922874874	-0.141989297888988	-0.0106978880751013	-0.396411911661135	-1.10553222076386	-0.407109799736236
"55"	-0.409704881410491	-0.993946091157358	-0.245795114851947	-0.0309429611213955	-1.40365097256785	-0.276738075973342
"56"	-0.688328116430484	-0.567670699187392	0.16298760591653	-0.522399547552533	-1.25599881561788	-0.359411941636003
"57"	-0.556447530302525	-0.0294854290753005	-0.267553973248659	-0.483591190581829	-0.585932959377826	-0.751145163830489
"58"	-0.347101342555788	-0.159864806238698	-0.0056060208310118	-0.944324249105135	-0.506966148794486	-0.949930269936147
"59"	-0.050727708235215	-0.382973158983017	-0.713567786729172	-0.430618349046807	-0.433700867218232	-1.14418613577598
"60"	-0.205863144563447	-0.966154667656724	-0.240716844627833	-0.141217428409335	-1.17201781222017	-0.381934273037169
"61"	-0.195595778849619	-0.591763779287572	-0.300755681646818	-0.30169112445937	-0.787359558137191	-0.602446806106188
"62"	-0.367247463861534	-0.236595379476355	-0.529058311023325	-0.23775455939686	-0.603842843337888	-0.766812870420185
"63"	-0.31980958797573	-0.0854421744171133	-0.702856840438043	-0.461550102546864	-0.405251762392843	-1.16440694298491
"64"	-0.354377018126374	-0.236351219621461	-0.201798127152619	-0.645402888994723	-0.590728237747835	-0.847201016147342
"65"	-0.812225054723823	-0.0501835463978652	-0.353844047349983	-0.174276322584068	-0.862408601121688	-0.528120369934051
"66"	-0.513903340393108	-0.387185445175495	-0.471468283909894	-0.0409436384616628	-0.901088785568603	-0.512411922371557
"67"	-0.853657153202257	0.172597322816482	-0.287103844792435	-0.469446327667503	-0.681059830385775	-0.756550172459937
"68"	0.208883048404719	-0.728197650989506	-0.269302598550327	-0.611559002011472	-0.519314602584788	-0.880861600561799
"69"	0.0115629160810283	-0.660499144828922	-0.551288375350215	-0.148189670100483	-0.648936228747894	-0.699478045450698
"70"	-0.225752211271044	-0.781777879943181	-0.138710251857613	-0.304522582660777	-1.00753009121423	-0.44323283451839
"71"	-0.457213792904764	-0.0487026353379167	-0.566183178518871	-0.372814385583998	-0.505916428242681	-0.938997564102868
"72"	-0.0228801988640122	-0.393466763850943	-0.807004320020769	-0.260026024898392	-0.416346962714956	-1.06703034491916
"73"	-0.639733366216778	-0.361902711660766	-0.340458011869686	-0.0884674759258973	-1.00163607787754	-0.428925487795583
"74"	-1.13002371511809	-0.236681693947717	-0.179103622762764	-0.120169030496277	-1.36670540906581	-0.299272653259041
"75"	-0.144922336451191	-0.288053034378416	-0.148613689200539	-0.877745350553108	-0.432975370829607	-1.02635903975365
"76"	-0.228199236409234	-0.454990723029832	-0.475139242916713	-0.224851230830485	-0.683189959439066	-0.699990473747198
"77"	-0.188628319574754	-0.422553204498588	-0.340703377982999	-0.451614013172228	-0.611181524073343	-0.792317391155227
"78"	-0.415971386539979	0.0184593672581034	0.313969570869721	-1.38435056815783	-0.397512019281875	-1.07038099728811
"79"	-0.602585455035197	-0.252596179464713	-0.59756655258775	0.0839594634078547	-0.855181634499909	-0.513607089179895
"80"	-0.111572620291639	-0.300782691175169	-0.014775136974808	-1.07004712181251	-0.412355311466808	-1.08482225878732
"81"	-0.0469548712631052	-0.174399208827397	-1.41891793564922	-0.275220554528154	-0.221354080090502	-1.69413849017737
"82"	-0.239715450273255	-0.16950771316929	-0.486478221276567	-0.611919564412751	-0.409223163442546	-1.09839778568932
"83"	-0.542988544830434	-0.658973230707637	0.039155948709608	-0.382630833880469	-1.20196177553807	-0.343474885170861
"84"	-0.169201645893583	-0.177146861842927	-0.908530602636377	-0.325501412402551	-0.34634850773651	-1.23403201503893
"85"	-0.140507882484061	-0.519186425408755	-0.27854861957137	-0.506704657173108	-0.659694307892816	-0.785253276744478
"86"	-0.811896549526962	0.0243969204291676	-0.591281459926985	0.0157311752332402	-0.787499629097795	-0.575550284693745
"87"	-0.449103200518269	-0.15546614874296	-0.467657281094331	-0.304402192816039	-0.604569349261229	-0.77205947391037
"88"	-0.593680564129957	-0.109422161100795	-0.149503402496966	-0.521062734294918	-0.703102725230752	-0.670566136791883
"89"	-0.169735000100927	-0.448394427870278	-0.587762756629837	-0.136730981366626	-0.618129427971205	-0.724493737996463
"90"	0.177805492468763	-0.698414160703192	-1.03617114710034	0.133680781131172	-0.52060866823443	-0.902490365969171
"91"	-0.925739752462209	-0.364090497544543	0.0495508259079521	-0.343588405652332	-1.28983025000675	-0.29403757974438
"92"	-1.44458034220114	-0.0072561827632871	-0.319947640649072	0.0490292146385956	-1.45183652496443	-0.270918426010476
"93"	-1.11219188999582	-0.293057292037164	-0.106873804702292	-0.162896022465174	-1.40524918203298	-0.269769827167465
"94"	-0.45008286046474	-0.109826828377684	-0.722036431052366	-0.146487377408789	-0.559909688842424	-0.868523808461155
"95"	-0.399966144773012	-0.409034117243214	-0.553829941612231	-0.0487676001974562	-0.809000262016226	-0.602597541809687
"96"	-0.462414178633541	-0.455836282293854	-0.203765371819242	-0.356339160357897	-0.918250460927395	-0.560104532177138
"97"	-0.371901099595603	-0.510203906583232	-0.513047732704913	-0.0502876328307788	-0.882105006178835	-0.563335365535692
"98"	-0.0598711897831696	-0.520300755396353	-0.0938821498893138	-0.76158286026565	-0.580171945179523	-0.855465010154964
"99"	-0.435258933022132	-0.513691828046758	-0.332806982956736	-0.14459653728529	-0.948950761068889	-0.477403520242026
"100"	-0.433032471393713	-0.901402271542313	-0.387258195541415	0.0900928147941723	-1.33443474293603	-0.297165380747243
"101"	-0.0267345458657871	-0.717743294398424	-0.411113203947076	-0.2295339216099	-0.744477840264211	-0.640647125556977
"102"	-0.7920076303252	-0.198280827214693	-0.382626896178833	-0.0757995802519049	-0.990288457539893	-0.458426476430738
"103"	-0.448285823331649	0.0393890525343989	-1.02367529028669	-0.0452580603751576	-0.40889677079725	-1.06893335066185
"104"	-0.396355104443152	0.0360277245597257	-0.290340013211423	-1.05081566228934	-0.360327379883427	-1.34115567550077
"105"	-0.279722698095756	-0.274991215538895	-0.123599272737196	-0.853894244383319	-0.554713913634652	-0.977493517120516
"106"	-0.208766840929642	-0.480286812447765	-0.0721138151674646	-0.597738517644849	-0.689053653377407	-0.669852332812313
"107"	-0.463231508744366	-0.133619982728621	-0.424373629746315	-0.393078321660389	-0.596851491472987	-0.817451951406703
"108"	-0.404579061777357	-0.279455312371624	-0.0976417030484245	-0.625994520711398	-0.684034374148981	-0.723636223759823
"109"	-0.316400879443914	0.0572734017156339	-1.26086528270857	-0.219901317698978	-0.25912747772828	-1.48076660040755
"110"	-0.366876815243225	-0.359732334905684	-0.533438896156283	-0.116872560909801	-0.726609150148909	-0.650311457066084
"111"	-0.661472125363032	-0.513190012781809	-0.300503135961037	-0.0945020144139221	-1.17466213814484	-0.395005150374959
"112"	-0.55249177098277	-0.447833638171285	-0.490632741474834	0.0131770893960265	-1.00032540915405	-0.477455652078807
"113"	-0.25044933663551	-0.37163392751858	-0.0856939085059834	-0.738244335926303	-0.622083264154089	-0.823938244432286
"114"	-0.351363498461074	-0.924671289674166	-0.386840700175631	0.0242835507746448	-1.27603478813524	-0.362557149400986
"115"	-0.700447239059675	0.0739669457483959	-0.288675080263742	-0.398135612341572	-0.62648029331128	-0.686810692605313
"116"	0.0331690248227097	-0.580163889792013	-0.285815718614972	-0.593704182612838	-0.546994864969303	-0.87951990122781
"117"	-0.669265480179222	-0.59645083742889	-0.268116427515167	-0.0792216007631264	-1.26571631760811	-0.347338028278293
"118"	-0.180193889313409	-0.452461195812629	-0.232007040486072	-0.539778513706247	-0.632655085126038	-0.771785554192318
"119"	-0.248763430589727	-0.990010619113187	0.103355604559192	-0.417672634309678	-1.23877404970291	-0.314317029750486
"120"	-0.128578205432613	-0.937458132544068	-0.148548359057572	-0.241515782274783	-1.06603633797668	-0.390064141332356
"121"	-0.291489799729637	-0.499078447541801	-0.298885323176138	-0.321189330741449	-0.790568247271438	-0.620074653917588
"122"	0.0712039509992089	-0.508990970175191	-0.518206876163996	-0.453962962452059	-0.437787019175983	-0.972169838616055
"123"	-0.32648065576774	-0.258975459176346	0.105059190885092	-0.941670168633406	-0.585456114944086	-0.836610977748314
"124"	-0.476894523567926	-1.04559849845942	-0.212327041480174	-0.0330430754198391	-1.52249302202734	-0.245370116900013
"125"	-0.207024276821147	-0.337006904196083	-0.669236972007524	-0.192018833373736	-0.54403118101723	-0.86125580538126
"126"	-0.625021746509862	-0.0892451614369348	-0.11879530821965	-0.576850443440952	-0.714266907946797	-0.695645751660602
"127"	-0.910857144037717	-0.336267832920473	-0.172406842982067	-0.194240498644318	-1.24712497695819	-0.366647341626385
"128"	-0.270696969466172	-0.109853372279328	-0.036586483724947	-1.09319599411348	-0.3805503417455	-1.12978247783842
"129"	-0.558440101900021	-0.467312919249559	0.0619240653425527	-0.459029006987364	-1.02575302114958	-0.397104941644812
"130"	-0.508750352220783	-0.727782451226458	-0.0957162514125293	-0.277844507975563	-1.23653280344724	-0.373560759388092
"131"	-0.325458712484369	-0.198482568165229	-0.384335416348167	-0.523900027142633	-0.523941280649598	-0.9082354434908
"132"	-0.623713771842259	-0.270307453527856	-0.383903019531165	-0.176711447373255	-0.894021225370116	-0.56061446690442
"133"	-1.6323399545638	-0.074798788534503	0.168257107900469	-0.3692488966434	-1.7071387430983	-0.200991788742931
"134"	-0.78635446661767	0.207685320104123	-0.799754052329109	-0.0300656887179255	-0.578669146513548	-0.829819741047034
"135"	-0.907882560645747	-0.601098378947907	0.0133222432354293	-0.299623801610679	-1.50898093959365	-0.28630155837525
"136"	-0.664625779487007	0.0161405892630352	-1.06975720505485	0.305059091383171	-0.648485190223972	-0.764698113671676
"137"	-0.605635173914744	-0.0279997003284019	-0.493272775150245	-0.294170998691026	-0.633634874243146	-0.787443773841271
"138"	-0.203098184027399	-0.127220976152637	-1.20180666278817	-0.118144898716249	-0.330319160180037	-1.31995156150442
"139"	-0.240342737032149	-0.334273237380106	-0.300238248270572	-0.486022474235375	-0.574615974412255	-0.786260722505947
"140"	-0.570923018649155	0.073596818773617	-0.597835791606704	-0.280550655264908	-0.497326199875538	-0.878386446871612
"141"	-0.0902142458263249	-0.409365226455077	-0.229873175573315	-0.684000869036035	-0.499579472281401	-0.913874044609349
"142"	-0.204004094206717	-0.473093782409276	-0.478375287239375	-0.228192343074561	-0.677097876615993	-0.706567630313936
"143"	0.00408998447160521	-0.464692394413722	-0.316661300602242	-0.727092986094756	-0.460602409942117	-1.043754286697
"144"	-0.794649812603174	-0.498110342029272	-0.181632379432543	-0.132746424043653	-1.29276015463245	-0.314378803476196
"145"	-0.506725665569183	-0.172718556173975	-0.607575391442106	-0.108680419003877	-0.679444221743158	-0.716255810445983
"146"	-0.0504533904128257	-0.396416231756115	-0.656883789156026	-0.342194837377564	-0.446869622168941	-0.999078626533589
"147"	-0.207185909296816	-0.809304296024419	-0.412446215363948	-0.0912666313782439	-1.01649020532124	-0.503712846742192
"148"	-0.435361155056169	-0.444607196853643	-0.063241469224243	-0.475260525025339	-0.879968351909812	-0.538501994249582
"149"	-0.413690887242274	0.0800848964611018	-0.428992371174531	-0.965439129206723	-0.333605990781172	-1.39443150038125
"150"	-0.66348653092168	-0.406061553985312	0.268095834177999	-0.694834302585709	-1.06954808490699	-0.42673846840771
"151"	-0.361530627132971	-0.547330591345125	-0.36759307555072	-0.12893454454727	-0.908861218478096	-0.49652762009799
"152"	-0.112969267005119	-0.420727585255827	-0.245913081782373	-0.690649059103067	-0.533696852260945	-0.936562140885441
"153"	-0.278438073398352	-0.212018847987697	-0.562495018058212	-0.335984481317891	-0.490456921386049	-0.898479499376102
"154"	-0.357413419119424	-0.155118125754316	-0.755716385975205	-0.144760740409593	-0.512531544873739	-0.900477126384798
"155"	-0.113461046895143	-0.340244864468381	-0.245724549145482	-0.761757650256596	-0.453705911363524	-1.00748219940208
"156"	-0.279523658552946	-0.144687608673785	-0.451349147989677	-0.613615872538745	-0.424211267226731	-1.06496502052842
"157"	-0.433351647499582	-0.252784209379189	-0.774738776204847	0.0516618952454167	-0.686135856878771	-0.72307688095943
"158"	-0.305417953301188	-0.568663893865268	-0.115739432395658	-0.427846342623752	-0.874081847166456	-0.54358577501941
"159"	-0.422859802394198	-0.499732831069618	-0.168987600661834	-0.355454428112019	-0.922592633463816	-0.524442028773853
"160"	-0.491546332773017	0.00822211141277668	-0.646155164466748	-0.324351646351683	-0.483324221360241	-0.970506810818431
"161"	-0.347036557121837	-0.317647406414706	-0.19608922812595	-0.573420425404196	-0.664683963536543	-0.769509653530145
"162"	-0.0299245365530842	-0.896641031502086	-0.0425212042993499	-0.409002772151566	-0.92656556805517	-0.451523976450916
"163"	-0.426255941546485	-0.642468125382667	-0.251463264623055	-0.143369512895515	-1.06872406692915	-0.394832777518569
"164"	-0.231115867282369	-0.4548218381852	-0.47087306104576	-0.207914293275981	-0.685937705467569	-0.678787354321741
"165"	-0.215296622373349	-0.344815553316675	-0.577075772509841	-0.299194611049099	-0.560112175690024	-0.87627038355894
"166"	-0.912076163579292	-0.420828345848227	0.145700318546519	-0.404636974823892	-1.33290450942752	-0.258936656277374
"167"	-0.378821987761275	-0.23745333524367	-0.714376177855097	-0.0901328611988885	-0.616275323004946	-0.804509039053986
"168"	0.0681567884559023	-0.391050241906569	-0.839644124728299	-0.434058737046716	-0.322893453450666	-1.27370286177502
"169"	-0.497219643570384	-0.222522220876526	-0.160542494359071	-0.54447537014698	-0.71974186444691	-0.705017864506051
"170"	-0.604305094962666	-0.261135947089647	-0.556687217108157	0.0183081305106884	-0.865441042052314	-0.538379086597469
"171"	-0.601689012510086	-0.587437365609468	-0.322353449634758	-0.0857594527090824	-1.18912637811955	-0.40811290234384
"172"	-0.596911638877277	-0.109601053136007	-0.156958408962993	-0.498428151456394	-0.706512692013284	-0.655386560419386
"173"	-0.142915097613744	-0.454331911038578	-0.457888692446158	-0.352915125820939	-0.597247008652323	-0.810803818267097
"174"	-0.554168417169497	-0.0295932166705972	-0.0779360591910419	-0.821524203082489	-0.583761633840094	-0.899460262273531
"175"	-0.298793166446559	-0.611316846751742	0.16039957745759	-0.690215838933282	-0.9101100131983	-0.529816261475692
"176"	-0.158319445458587	-0.0541444077208284	-1.12837715006034	-0.563841346112018	-0.212463853179415	-1.69221849617236
"177"	-0.530025849481865	-0.065813837787669	-0.206255805176402	-0.61844515620056	-0.595839687269534	-0.824700961376962
"178"	-0.922717873065972	-0.512915757774683	0.380326366171563	-0.661839973009411	-1.43563363084065	-0.281513606837848
"179"	-0.119106910460081	-0.702838544863251	-0.294996423644313	-0.281919939538607	-0.821945455323331	-0.57691636318292
"180"	-0.210007284538368	-0.704987896619169	-0.321522475240242	-0.175778826690562	-0.914995181157537	-0.497301301930804
"181"	-0.651053992081775	-0.649870635860586	-0.263599617667607	-0.0782415706514387	-1.30092462794236	-0.341841188319046
"182"	-0.169102107014709	-0.173504906533307	-0.683013484203282	-0.480497113123731	-0.342607013548016	-1.16351059732701
"183"	-0.163513497905047	-0.255637871114946	-0.786868671755858	-0.261455153623761	-0.419151369019994	-1.04832382537962
"184"	-0.433653560197304	-0.37975097303875	0.0723646145909279	-0.669433599792106	-0.813404533236054	-0.597068985201178
"185"	-0.603523094777348	-0.667177485859212	-0.26525988866617	-0.0837379590899028	-1.27070058063656	-0.348997847756073
"186"	-0.421905394571846	-0.0220235975565861	-0.204235041233416	-0.855979569143406	-0.443928992128433	-1.06021461037682
"187"	-0.728894574452444	-0.223153560847697	0.363164393105382	-0.885973121681085	-0.952048135300141	-0.522808728575704
"188"	0.0946793584616848	-0.713246657636914	-0.20185365381026	-0.538912114504372	-0.618567299175229	-0.740765768314632
"189"	-0.853083428955026	0.237356700187302	-0.569724140806625	-0.223206090754961	-0.615726728767725	-0.792930231561586
"190"	-0.136639299867483	-0.579061315571384	-0.162036307342913	-0.471080043728299	-0.715700615438867	-0.633116351071212
"191"	-0.147962542954142	-0.525168960940634	-0.285695261407943	-0.435782856156851	-0.673131503894776	-0.721478117564794
"192"	-0.515332631296351	-0.0410842570866537	-0.243641414578169	-0.603006882828375	-0.556416888383005	-0.846648297406544
"193"	-0.0596937486259539	-0.264613710479708	-0.267019880538985	-0.970402253289897	-0.324307459105662	-1.23742213382888
"194"	-0.0356461282263114	-0.585068848562783	-0.140451079169904	-0.67284552563913	-0.620714976789094	-0.813296604809034
"195"	-0.726594835956138	-0.833112936949267	-0.33063258328513	0.0748632850258671	-1.5597077729054	-0.255769298259263
"196"	-0.253294559242224	-0.229337370190217	-0.550731121054179	-0.418710368692957	-0.482631929432441	-0.969441489747136
"197"	-0.413392812587696	-0.137967650069632	-0.274525466591127	-0.55231927467682	-0.551360462657328	-0.826844741267947
"198"	-0.413601975965158	-0.102891854522408	-0.0410554373104759	-0.760829758011035	-0.516493830487566	-0.801885195321511
"199"	-0.403338755846011	-0.674022711616068	-0.1284692812364	-0.280117641591509	-1.07736146746208	-0.408586922827909
"200"	-0.156105863516286	-0.392735228390426	-0.540841162565928	-0.286584276036359	-0.548841091906712	-0.827425438602287
"201"	-0.261837102382902	-0.546390026490838	-0.191856875614164	-0.363122739990819	-0.80822712887374	-0.554979615604984
"202"	-0.633276081880559	-0.384601393178144	-0.240564585563594	-0.226741502544006	-1.0178774750587	-0.467306088107601
"203"	-0.353403697069012	-0.356077834182465	-0.492071321654301	-0.208643687956996	-0.709481531251477	-0.700715009611297
"204"	-0.478256580859193	-0.251695612957666	-0.340223089890175	-0.349355739115546	-0.729952193816859	-0.689578829005721
"205"	-0.81496404488658	-0.529034621611968	0.0636673519217752	-0.355702189076198	-1.34399866649855	-0.292034837154423
"206"	-0.449362379423941	-0.382067180025392	-0.255989006942121	-0.3033426348493	-0.831429559449333	-0.559331641791421
"207"	-1.09692299305887	-0.392102081667122	0.194729547996241	-0.456767924866806	-1.48902507472599	-0.262038376870565
"208"	-0.752283867791623	-0.470866896903459	0.141754941241578	-0.466829759241136	-1.22315076469508	-0.325074817999558
"209"	0.0575006941059922	-0.634023210313714	-0.0560978357943958	-0.814848916210192	-0.576522516207722	-0.870946752004588
"210"	0.171145177112779	-0.408208466963542	-0.762101586900372	-0.857265376894096	-0.237063289850763	-1.61936696379447
"211"	-1.25791755356777	0.164156224946668	-0.305503298504687	-0.0974290536691272	-1.09376132862111	-0.402932352173814
"212"	-0.972935794743377	-0.849576852323552	-0.311229921913586	0.147048278651329	-1.82251264706693	-0.164181643262257
"213"	-0.178985486185686	-0.368638524276724	-0.0301708172476731	-0.820943717267527	-0.547624010462411	-0.8511145345152
"214"	-0.96212173060557	-0.0227304505199054	-0.0765021762702914	-0.352121202314725	-0.984852181125475	-0.428623378585017
"215"	-0.469465654445659	-0.443472430024813	-0.104447931848058	-0.38411839377644	-0.912938084470472	-0.488566325624498
"216"	-0.440298281897116	-0.210266495524802	-0.453678207548735	-0.30916238767088	-0.650564777421919	-0.762840595219615
"217"	-0.549420257614202	0.0126922055186278	-0.251199934868743	-0.591396311975895	-0.536728052095575	-0.842596246844638
"218"	-0.517910285578698	-0.256096876229292	-0.118636460148889	-0.509728195253618	-0.77400716180799	-0.628364655402506
"219"	-0.375511125648986	-0.510071676237728	-0.116026044523233	-0.386735564979784	-0.885582801886714	-0.502761609503017
"220"	-0.751368339550498	-0.519396231946223	-0.000922754816952712	-0.3415803911909	-1.27076457149672	-0.342503146007853
"221"	-0.308121223594734	-0.615205076099238	-0.334406754535276	-0.175720177412462	-0.923326299693973	-0.510126931947738
"222"	-0.0724477198327613	-0.110293559872793	-1.44289985301741	-0.501888695719259	-0.182741279705554	-1.94478854873667
"223"	-0.39631575226175	0.0228549686325198	-0.872873095251763	-0.258754707441318	-0.37346078362923	-1.13162780269308
"224"	-0.901367389923729	0.082208850334727	-0.134855675883397	-0.429631576155284	-0.819158539589002	-0.564487252038681
"225"	-0.0799687444124252	-0.167140675730867	-0.758518635278465	-0.629619434163653	-0.247109420143292	-1.38813806944212
"226"	-0.0983300353180877	-0.440042672012288	-0.0487164528862317	-0.831130511400243	-0.538372707330376	-0.879846964286474
"227"	-0.601719716773757	-0.00683713761522365	-0.404739384186377	-0.353994123227376	-0.608556854388981	-0.758733507413752
"228"	-0.462344206984718	-0.411101480410926	-0.234717645422716	-0.30506044721052	-0.873445687395645	-0.539778092633236
"229"	-0.455295163702939	-0.23122247856578	-0.620639321523348	-0.080051141506049	-0.686517642268719	-0.700690463029397
"230"	-0.462766054648539	-0.378306461908571	-0.252416673109333	-0.336979095543006	-0.84107251655711	-0.589395768652339
"231"	-0.101756045489361	-0.265553874630471	-0.55381292886471	-0.630691913423146	-0.367309920119832	-1.18450484228786
"232"	-0.221025404624631	-0.251396286146686	-0.276506017178262	-0.746683829689692	-0.472421690771317	-1.02318984686795
"233"	-0.167607067580565	-0.360475605356541	0.0427422567680345	-0.867334458788312	-0.528082672937106	-0.824592202020277
"234"	-0.408459071157783	-0.460359019596814	-0.577108330712004	0.0301110828821032	-0.868818090754597	-0.546997247829901
"235"	-0.803499541695061	-0.348835635636337	-0.255157257486482	-0.130003255459242	-1.1523351773314	-0.385160512945723
"236"	-0.104218321979073	-0.306701735630719	-0.810863337569179	-0.240555531922445	-0.410920057609792	-1.05141886949162
"237"	-0.262476292204379	-0.441300001065013	-0.308337204061958	-0.381233913194524	-0.703776293269393	-0.689571117256482
"238"	-0.585111279743532	-0.164126199209518	0.111043921189216	-0.772173689002237	-0.74923747895305	-0.661129767813021
"239"	0.00325747553260918	-0.442021880436702	-0.437472943096788	-0.64921139760886	-0.438764404904092	-1.08668434070565
"240"	-0.732045361299147	-0.799519196409355	-0.125620536602907	-0.143613692533329	-1.5315645577085	-0.269234229136236
"241"	0.175628485120201	-0.724671576069241	-0.565312632179904	-0.28401741408724	-0.549043090949041	-0.849330046267144
"242"	-0.552987315947242	-0.332522462938079	-0.318842578009752	-0.198692934033293	-0.885509778885321	-0.517535512043045
"243"	0.063505170650862	-0.386624127480612	-0.717289299653287	-0.57787832179792	-0.32311895682975	-1.29516762145121
"244"	-0.214658470881439	-0.428766171293639	-0.600125907515828	-0.111085884986947	-0.643424642175078	-0.711211792502774
"245"	-0.386580898183469	0.281848686988072	-0.508334240918605	-1.73381958766378	-0.104732211195396	-2.24215382858238
"246"	-0.656603289322783	-0.0382737662454375	-0.171034938610253	-0.465707774958087	-0.694877055568221	-0.63674271356834
"247"	-0.0583523549588184	-0.940437013665228	-0.228628677177084	-0.273820535085669	-0.998789368624047	-0.502449212262753
"248"	-0.335086151455609	-0.0452828514462405	-1.08639283602371	-0.10996847795863	-0.38036900290185	-1.19636131398234
"249"	-0.574771344122975	-0.500677244353227	-0.532799414111774	0.0845853583920581	-1.0754485884762	-0.448214055719716
"250"	-0.451556956722256	-0.0714845986026995	-0.224832576387503	-0.707572725596398	-0.523041555324955	-0.932405301983902
"251"	-0.426349255926268	-0.918594595906834	-0.028270391074701	-0.270980714236442	-1.3449438518331	-0.299251105311143
"252"	-0.4817851485345	0.105148897585406	-0.486333644645477	-0.588921219848241	-0.376636250949094	-1.07525486449372
"253"	-0.0390678954345288	-0.393887015049861	-0.694586416343353	-0.279750497124802	-0.43295491048439	-0.974336913468154
"254"	-0.0392804506066088	-0.303319781485657	-1.61770172965892	0.298489270723847	-0.342600232092266	-1.31921245893507
"255"	-0.444826075293452	-0.736289487358251	-0.341091770389274	-0.0492149288649991	-1.1811155626517	-0.390306699254273
"256"	-0.434232194572801	0.0757479354455951	-0.551355072706023	-0.689482967307165	-0.358484259127206	-1.24083804001319
"257"	-0.311122727016304	-1.15296777330755	-0.310632680232412	0.0322683602068961	-1.46409050032385	-0.278364320025515
"258"	-0.109147086068408	-0.600686053785677	-0.271131740578893	-0.37445785346499	-0.709833139854085	-0.645589594043883
"259"	-0.599465016742146	-0.470171928793729	-0.389006791754879	-0.0108955607072572	-1.06963694553588	-0.399902352462136
"260"	-0.169753433318277	-0.638992184665379	-0.569582761503673	0.00588979734768913	-0.808745617983656	-0.563692964155984
"261"	-0.133330352855754	-0.159348134114464	-1.09683899958372	-0.308531919590327	-0.292678486970218	-1.40537091917404
"262"	-0.143958791484678	-0.491578046321865	-0.145425726636453	-0.681563626547631	-0.635536837806544	-0.826989353184085
"263"	-0.466282901195807	0.142549557690595	-0.712468895046825	-0.530069002370304	-0.323733343505213	-1.24253789741713
"264"	-0.3442870730923	-0.421191884094249	-0.0289774121181039	-0.577724951962763	-0.765478957186549	-0.606702364080867
"265"	-0.0934908818096452	-0.450840327886637	-0.743378814988692	-0.119603485584526	-0.544331209696282	-0.862982300573218
"266"	-0.125515467042362	-0.127910105243918	-0.789934351816358	-0.748145654232815	-0.253425572286279	-1.53808000604917
"267"	-0.264591431120182	-0.14270281965425	-1.1635338063116	0.0966444950827839	-0.407294250774432	-1.06688931122882
"268"	-0.327399253969	-0.075887909534213	-0.434311238665716	-0.653965545414697	-0.403287163503213	-1.08827678408041
"269"	-0.049561603966121	-0.0853833956555561	-0.440564353744109	-1.48190328357916	-0.134944999621677	-1.92246763732327
"270"	-0.23989295124724	-0.245268162963888	-0.076858179339738	-0.886312673536296	-0.485161114211129	-0.963170852876034
"271"	-0.153477746310347	-0.305047396227804	-0.546017440634135	-0.482658000439925	-0.45852514253815	-1.02867544107406
"272"	-0.362509432782757	0.157981685847549	-1.12554646661102	-0.558924821667538	-0.204527746935208	-1.68447128827856
"273"	-0.749638294713621	-0.0993859410862958	-0.0982254429331757	-0.434999359653904	-0.849024235799917	-0.53322480258708
"274"	-0.43944408271071	0.00966521864493314	-0.182311341350778	-0.941510993609222	-0.429778864065776	-1.12382233496
"275"	-0.563348622183521	0.0212667116819796	-0.477829375617188	-0.407947357829428	-0.542081910501542	-0.885776733446616
"276"	-0.158286977404849	-0.547212178584348	-0.657066981250847	-0.059511464167837	-0.705499155989197	-0.716578445418684
"277"	-0.230649351602223	-0.342113066959605	-0.319718494894901	-0.519349387649955	-0.572762418561829	-0.839067882544857
"278"	-0.037797436239436	-1.10889352974601	-0.192501320322694	-0.186298563801192	-1.14669096598545	-0.378799884123886
"279"	-0.146757890215576	-0.155916233010856	-0.322752165138665	-1.09031885365955	-0.302674123226433	-1.41307101879821
"280"	-0.363288115186879	-1.10069651055579	-0.0101962172919527	-0.255220113280833	-1.46398462574267	-0.265416330572786
"281"	-0.233430569682093	-0.308638328537693	-0.621361661567856	-0.272900726415079	-0.542068898219785	-0.894262387982935
"282"	-0.371309284263989	-0.564114664662504	-0.175571759260458	-0.305755827794706	-0.935423948926492	-0.481327587055164
"283"	-0.0906067118027063	-0.889583993249934	-0.345701889614932	-0.0979145721613284	-0.98019070505264	-0.44361646177626
"284"	-0.63666441472972	-0.275895663076636	-0.148742881110059	-0.364747224164394	-0.912560077806355	-0.513490105274453
"285"	-0.600934607222109	-0.00659856964185897	-0.550488477317926	-0.212992406443722	-0.607533176863968	-0.763480883761648
"286"	-0.233820609950702	-0.346693914580614	-0.221675012767768	-0.570506041191328	-0.580514524531316	-0.792181053959096
"287"	0.313899472255397	-0.754659864092314	-0.182671487672094	-0.859739666008611	-0.440760391836917	-1.0424111536807
"288"	-0.0234448350609906	-0.469549182896332	-0.54153348403312	-0.388901569059509	-0.492994017957322	-0.930435053092629
"289"	-1.19736789540039	-0.0109252123206797	-0.307463386425604	-0.0310267091519797	-1.20829310772107	-0.338490095577583
"290"	-0.780390984410646	-0.139167271525187	-0.392536056946295	-0.119654243689541	-0.919558255935833	-0.512190300635836
"291"	-0.749618682081981	-0.113436731114223	-0.473688257581043	-0.122234511175974	-0.863055413196204	-0.595922768757017
"292"	-0.132521462045303	-0.687413325431574	-0.27291129932584	-0.295307314799633	-0.819934787476876	-0.568218614125473
"293"	-0.490161240025688	-0.679421831476996	0.146033953776484	-0.519728282812598	-1.16958307150268	-0.373694329036114
"294"	-0.204937339253297	-0.378764082391255	0.136945247734149	-0.952734005970277	-0.583701421644553	-0.815788758236128
"295"	-0.0057966474115915	-0.603949518528046	-0.302834531057386	-0.559171531192934	-0.609746165939637	-0.86200606225032
"296"	-0.333537898068397	-0.0806490985551678	-0.0701354382164422	-0.94894711887565	-0.414186996623565	-1.01908255709209
"297"	-0.0913948004913082	-0.401484873531043	-0.810884771666585	-0.105960037206333	-0.492879674022352	-0.916844808872917
"298"	-0.42375418867167	-0.0337237291520064	-0.822081405738036	-0.246122700062161	-0.457477917823676	-1.0682041058002
"299"	-0.400725456156733	-0.123773874496918	-0.329230620481911	-0.598852475319428	-0.524499330653651	-0.928083095801338
"300"	-0.671814806537347	0.161759580281692	-0.407880532099949	-0.491269713879862	-0.510055226255655	-0.899150245979811
"301"	-0.503924208093858	-0.54437390114672	-0.1385139476243	-0.278434927116158	-1.04829810924058	-0.416948874740457
"302"	-0.334953750689942	-0.48944439384152	-0.316727787289356	-0.174081460044506	-0.824398144531461	-0.490809247333862
"303"	-0.678293503892021	-0.112858720734292	0.0221477417914477	-0.661796127938792	-0.791152224626313	-0.639648386147345
"304"	-0.286981842863938	-0.470025861329416	-0.206394608224381	-0.405164728934596	-0.757007704193354	-0.611559337158977
"305"	-0.321471368128607	-0.166380085402316	-0.643732314245959	-0.352290705999651	-0.487851453530923	-0.996023020245611
"306"	-0.254695165643488	-0.39047146562907	0.120578894833863	-0.846474409071327	-0.645166631272559	-0.725895514237463
"307"	-0.363590695765571	-0.0924871920050699	-0.352799428746601	-0.635937529624437	-0.45607788777064	-0.988736958371038
"308"	-0.141295857497903	-0.275565828985008	-0.890917805570928	-0.149397464574491	-0.416861686482911	-1.04031527014542
"309"	-0.881275313063787	-0.371902092616468	0.0750716994864844	-0.367955412766574	-1.25317740568025	-0.29288371328009
"310"	-0.321781279654784	-0.494396755961433	0.0460735020184547	-0.621204624635481	-0.816178035616217	-0.575131122617026
"311"	0.0129335543368036	-0.146822579041984	-0.818136298396836	-1.22184479663012	-0.13388902470518	-2.03998109502696
"312"	-0.548587579605944	-0.335970736767665	0.0549895564835936	-0.5967195882589	-0.884558316373609	-0.541730031775306
"313"	-0.713123959173588	-0.244245902365977	-0.474761204386305	-0.0681534114384396	-0.957369861539565	-0.542914615824745
"314"	-0.218316701993633	-0.267185946084049	-0.402272689772675	-0.595665556455541	-0.485502648077682	-0.997938246228217
"315"	-0.580711244296388	-0.168984689046919	-0.397985248871746	-0.239962292381658	-0.749695933343307	-0.637947541253404
"316"	-0.048476134520365	-0.599844612053944	-0.449966913457928	-0.302977786390762	-0.648320746574309	-0.75294469984869
"317"	-0.240790382409137	-0.15955439941854	-0.601699888259234	-0.56077682865619	-0.400344781827677	-1.16247671691542
"318"	0.282880745954098	-0.820430024555418	-0.445286814944194	-0.320730208786862	-0.537549278601321	-0.766017023731056
"319"	-0.0889485263583123	-0.0686673698428417	-0.808454066548452	-1.11199158785789	-0.157615896201154	-1.92044565440634
"320"	-0.24158427886373	-0.348589045399714	-0.517672752046296	-0.268156281614908	-0.590173324263444	-0.785829033661205
"321"	-1.09617765182099	0.129587075339407	-0.409338808927221	-0.0743098092198736	-0.966590576481582	-0.483648618147094
"322"	-0.0800826254974383	-0.405360870324798	-0.595158229286416	-0.324490202468808	-0.485443495822236	-0.919648431755224
"323"	0.108644571596028	-1.40039566928284	-0.0841700981962779	-0.257862587340615	-1.29175109768681	-0.342032685536893
"324"	0.172555675193296	-0.565675460174923	-0.642109135027754	-0.516373583076318	-0.393119784981626	-1.15848271810407
"325"	-0.608284537159201	-0.276215636457166	-0.342936145375542	-0.196701210611198	-0.884500173616367	-0.539637355986741
"326"	-0.408024411873229	-0.105428037125771	-0.327632902460203	-0.601997585835189	-0.513452448999001	-0.929630488295392
"327"	-0.724014533384633	-0.133897656559416	-0.513518063726196	-0.0636725236052345	-0.85791218994405	-0.57719058733143
"328"	-0.0657786462535374	-0.647586718154302	-0.228002215572383	-0.419500290058763	-0.713365364407839	-0.647502505631146
"329"	-0.382381055564491	-0.56151692689997	-0.315316920398922	-0.201158420218724	-0.943897982464461	-0.516475340617646
"330"	-0.164114155984463	-0.16394351351618	-1.14859933453611	-0.172893684608992	-0.328057669500644	-1.3214930191451
"331"	-0.430662633064603	-0.303722779066583	-0.357193881374794	-0.293525265933115	-0.734385412131186	-0.650719147307908
"332"	-0.638398133089572	-0.176715302433753	0.0235345730242956	-0.645187845464042	-0.815113435523326	-0.621653272439747
"333"	-0.361504663829776	-0.271955508958469	-0.48393019943191	-0.176315549075362	-0.633460172788245	-0.660245748507271
"334"	-0.464552174105232	-0.436144477437605	-0.451388590383441	-0.0733766228210088	-0.900696651542837	-0.52476521320445
"335"	-0.0414470768170095	-0.627232313362756	-0.535282497738365	-0.181715502216262	-0.668679390179766	-0.716997999954627
"336"	-0.0695255136834784	-0.0842866328073918	-0.82026212685452	-1.15507960291917	-0.15381214649087	-1.97534172977369
"337"	-0.504018457093539	-0.0522985006243747	-0.647434442334356	-0.273418593656633	-0.556316957717914	-0.920853035990989
"338"	-0.536290613265034	-0.911946437704005	-0.109712383227391	-0.106981608616754	-1.44823705096904	-0.216693991844145
"339"	-0.973586836799285	0.0743732955212619	-0.446539432075961	-0.0693896615109516	-0.899213541278023	-0.515929093586912
"340"	-0.717454153071983	-0.218354421863871	-0.207033483090394	-0.302177550378787	-0.935808574935855	-0.509211033469181
"341"	0.272636588526138	-0.789201368919433	-0.462652944351935	-0.423122330744251	-0.516564780393295	-0.885775275096186
"342"	-1.16975122626715	-0.0903760101133299	-0.286777351945175	-0.0459736993800915	-1.26012723638048	-0.332751051325267
"343"	-0.520167280703678	-0.374982910122688	0.137039540113162	-0.600038025849649	-0.895150190826366	-0.462998485736487
"344"	-0.0467882748284993	-0.161301615204746	-1.17423095228395	-0.598712398165539	-0.208089890033245	-1.77294335044949
"345"	0.0145493209284369	-0.609412861472771	-0.405202971083788	-0.398689672809576	-0.594863540544334	-0.803892643893364
"346"	-0.6401882593073	0.0732730599256139	-0.118020108645004	-0.702601280250192	-0.566915199381687	-0.820621388895196
"347"	-0.45525993202863	0.0256938687022225	-0.819237659905487	-0.247327816009523	-0.429566063326407	-1.06656547591501
"348"	-0.191722827312849	-0.305534417507762	-0.401223251338922	-0.585469760248587	-0.497257244820611	-0.986693011587508
"349"	-0.190406812264541	-0.66384570977293	-0.561293054690091	0.0103896170724548	-0.854252522037471	-0.550903437617637
"350"	-0.830856150020088	-0.563367827948911	0.00294062929761949	-0.313269911044527	-1.394223977969	-0.310329281746908
"351"	-0.518974445686447	-0.236545085608119	-0.485829921162703	-0.126513974252665	-0.755519531294566	-0.612343895415368
"352"	-0.286959943335713	0.0768682446124105	-0.916301389532589	-0.799437833526945	-0.210091698723302	-1.71573922305953
"353"	-0.658221801653128	-0.453411763116846	-0.341409716656402	-0.0294577325832666	-1.11163356476997	-0.370867449239669
"354"	0.0823516466987114	-0.47414488252289	-0.372960002827568	-0.70102493704569	-0.391793235824179	-1.07398493987326
"355"	-1.04728903060749	-0.476187246055788	-0.144273547418288	-0.0956937833266418	-1.52347627666328	-0.23996733074493
"356"	-0.0122131080156545	-0.486613462820126	0.526710955936	-1.4238125398568	-0.498826570835781	-0.897101583920802
"357"	0.335245035832413	-0.45080213693159	-1.0404390784262	-1.26426853828461	-0.115557101099177	-2.30470761671081
"358"	-0.0806467997848412	-0.436957323691585	-0.787061819893696	-0.174036906236676	-0.517604123476427	-0.961098726130372
"359"	0.0921311610968361	-0.276045964742718	-1.42994211716602	-0.514956018341767	-0.183914803645882	-1.94489813550779
"360"	-0.297161739907356	-0.231822928030909	-0.239433752482229	-0.64848473861596	-0.528984667938266	-0.887918491098189
"361"	-0.691071583497628	-0.255643874938804	-0.579837428315594	0.100031896496823	-0.946715458436432	-0.479805531818771
"362"	-0.195654759705886	-0.497757037224017	-0.481019372418752	-0.276958396994204	-0.693411796929903	-0.757977769412955
"363"	-0.377331980376445	-0.338909004233712	-0.276140196896066	-0.398141728851977	-0.716240984610157	-0.674281925748042
"364"	-0.477139385523535	-0.432929334064902	-0.208935981693708	-0.346851151284742	-0.910068719588437	-0.555787132978449
"365"	-0.453725005596331	-0.0166612235334237	-0.918421602449832	-0.100882367638164	-0.470386229129755	-1.019303970088
"366"	-0.260001825113602	-0.718434676871239	-0.209981932665406	-0.26893394664949	-0.97843650198484	-0.478915879314896
"367"	-0.0904204535904516	-0.173589324097825	-0.996816757494572	-0.508551618933618	-0.264009777688277	-1.50536837642819
"368"	-0.404823647515353	-0.302985165334908	-0.121310779161416	-0.578887506361219	-0.707808812850261	-0.700198285522635
"369"	-0.0821193352620422	-0.178983803266396	-0.855844116177681	-0.658119397714067	-0.261103138528438	-1.51396351389175
"370"	-1.20049035908414	-0.485703764869376	-0.474450833151875	0.295189765819968	-1.68619412395352	-0.179261067331908
"371"	0.0285663776335805	-0.488184290311071	-0.747763110910841	-0.216555026548809	-0.459617912677491	-0.964318137459651
"372"	-0.782430980516428	0.0579262060559951	-0.343748513862626	-0.314575572642502	-0.724504774460433	-0.658324086505127
"373"	-0.174197299654262	-0.657033658343817	-0.474465736959927	-0.127145243123738	-0.831230957998079	-0.601610980083665
"374"	-0.636164744903681	-0.542546773425865	0.148068540170198	-0.520325136353679	-1.17871151832955	-0.372256596183481
"375"	-0.413948252930858	0.0458879991361862	-0.802796267393373	-0.344890054468633	-0.368060253794672	-1.14768632186201
"376"	-0.247759605886667	-0.425488126742596	-0.660853353358571	-0.0576216427761279	-0.673247732629262	-0.718474996134699
"377"	-0.116737166496062	-0.948727415835724	-0.386653113817308	-0.0478301569999732	-1.06546458233179	-0.434483270817282
"378"	-0.664042294820269	-0.373756059969525	-0.350996745729954	-0.088028760185062	-1.03779835478979	-0.439025505915016
"379"	-0.460944351306791	-0.0268028710398892	-0.486958751931023	-0.508861447425401	-0.48774722234668	-0.995820199356424
"380"	0.272862953731279	-0.542093664686737	-0.491707896770871	-1.00783447332247	-0.269230710955458	-1.49954237009334
"381"	-0.404573493243872	-0.405429836265863	-0.418916434084971	-0.215014295574415	-0.810003329509735	-0.633930729659386
"382"	-0.25047859424399	-0.185723155860242	-0.345966304903955	-0.661188526238112	-0.436201750104232	-1.00715483114207
"383"	-0.373370011409872	0.0689148182701581	-0.973209798483568	-0.27302276659172	-0.304455193139714	-1.24623256507529
"384"	-0.40976063957716	-0.0657275669317232	-0.507594501824109	-0.404450497530698	-0.475488206508883	-0.912044999354807
"385"	-0.31425607120193	-0.599651406483823	-0.212922571054007	-0.301107688514204	-0.913907477685754	-0.514030259568212
"386"	-0.21529656262413	-0.16771494361457	-0.283993546194439	-0.834309001587221	-0.3830115062387	-1.11830254778166
"387"	-0.184004713064088	-0.701839387379882	-0.392293533318335	-0.119600928380249	-0.88584410044397	-0.511894461698584
"388"	-0.390196496939671	-0.247773727005611	-0.00383022739432673	-0.782180383548147	-0.637970223945281	-0.786010610942473
"389"	-0.819342513135788	-0.0858382719055031	0.0216114382708959	-0.603207082080907	-0.905180785041292	-0.581595643810011
"390"	-0.321831634491479	-0.215886634018136	-1.15276065298416	0.28440355522755	-0.537718268509615	-0.868357097756605
"391"	-0.0111833607012149	-0.36960207533674	-0.783157684046405	-0.437549469025039	-0.380785436037955	-1.22070715307144
"392"	-0.632044715486274	-0.53603573432234	-0.215118064970126	-0.136265881435168	-1.16808044980861	-0.351383946405294
"393"	-0.710809859106652	-0.582816834578239	-0.0950644384779127	-0.182526423733992	-1.29362669368489	-0.277590862211905
"394"	-0.951046118220912	-0.416780384041287	-0.320476095092135	0.0132754449708316	-1.3678265022622	-0.307200650121303
"395"	-0.9353261079276	0.160306060545522	0.0427905798633953	-0.667115251916067	-0.775020047382078	-0.624324672052672
"396"	-0.65311734776864	-0.263842078765934	-0.642934059177229	0.140625669024474	-0.916959426534574	-0.502308390152756
"397"	-0.173786287454312	-0.149993268294925	-0.533903989901017	-0.760893681661194	-0.323779555749236	-1.29479767156221
"398"	-0.93384365550114	-0.0194766617206992	0.0804072649280143	-0.539069515160406	-0.953320317221839	-0.458662250232391
"399"	-0.142299883186865	-0.830444700175779	0.113700837154299	-0.583951571908197	-0.972744583362645	-0.470250734753897
"400"	-0.427078465857249	-0.265923454393244	0.0716007256299638	-0.826308368975335	-0.693001920250493	-0.754707643345371
"401"	-0.290869575424178	0.0136381504225078	-1.32775911650998	-0.132443278964218	-0.27723142500167	-1.46020239547419
"402"	-0.108832669268384	-0.19391520676206	-0.611911832548022	-0.751767227041799	-0.302747876030444	-1.36367905958982
"403"	-0.15481769514721	-0.155976620228351	-0.639019567066904	-0.706862873695174	-0.310794315375561	-1.34588244076208
"404"	-0.149332742730148	-0.650895500037331	-0.00509214915391797	-0.61720573866595	-0.800228242767478	-0.622297887819868
"405"	-0.392432300615634	-0.0628947477666757	-0.00906786534887471	-0.978710355375085	-0.45532704838231	-0.98777822072396
"406"	-0.727512150656549	-0.504758574506869	-0.0367745594415944	-0.320482253881114	-1.23227072516342	-0.357256813322709
"407"	-0.385639299750385	-0.435115556815709	-0.100889610546469	-0.502082948084431	-0.820754856566094	-0.6029725586309
"408"	-0.410782951262017	-0.312156158148018	-0.66250502577103	-0.0170346694448249	-0.722939109410034	-0.679539695215855
"409"	0.121429179624401	-0.720044622742013	-0.283724417214973	-0.478017700990245	-0.598615443117613	-0.761742118205218
"410"	-0.387885470813801	0.0877766196447872	-0.601243596501672	-0.771179972323693	-0.300108851169014	-1.37242356882536
"411"	-0.26585879532862	-0.970493402203481	-0.145604043942879	-0.22750856259394	-1.2363521975321	-0.373112606536819
"412"	-1.00752323102521	0.135054887644517	-0.179670324225745	-0.306740500845675	-0.872468343380692	-0.486410825071421
"413"	-0.342067295405946	-0.0994656737760607	-0.462436392299847	-0.501521023582726	-0.441532969182007	-0.963957415882573
"414"	-0.454424686315183	0.161654821562376	-0.609804910769	-0.757542370891981	-0.292769864752807	-1.36734728166098
"415"	-0.373859801064227	-0.170849887882569	-0.754895799142557	-0.0479248437682979	-0.544709688946796	-0.802820642910854
"416"	-0.312454103702268	-0.163064321056587	-0.479458409729687	-0.541760779162334	-0.475518424758855	-1.02121918889202
"417"	-0.0333224230094569	-0.53794082520211	-0.693561355066071	-0.167538114779831	-0.571263248211567	-0.861099469845902
"418"	-0.492506338791346	-0.403463286908178	-0.0273884071593656	-0.523665940857034	-0.895969625699524	-0.5510543480164
"419"	-0.336296282961745	-0.286280916167599	-0.0464140676680805	-0.732922639790981	-0.622577199129344	-0.779336707459062
"420"	-0.845021501522406	-0.777418349959302	-0.395453354473323	0.135784014519373	-1.62243985148171	-0.25966933995395
"421"	-0.164876093348281	-0.410893483515101	0.0656896823054748	-1.01095203577083	-0.575769576863383	-0.945262353465357
"422"	0.0199983355794904	-0.499642816181023	-0.294304614250726	-0.629925077597144	-0.479644480601533	-0.92422969184787
"423"	-0.101903673210542	-0.30041553772849	-0.572385495360572	-0.518633753293211	-0.402319210939032	-1.09101924865378
"424"	-0.117886459854024	-0.606664153644745	-0.374425732937503	-0.264971973359532	-0.724550613498769	-0.639397706297035
"425"	-0.182205004075428	-0.170880015183682	-1.43797131458812	0.138844486051758	-0.35308501925911	-1.29912682853637
"426"	-0.895325626475301	0.0603810481851354	-0.282084290898776	-0.289485150742221	-0.834944578290166	-0.571569441640997
"427"	-0.0934529099285171	-0.365943829574215	-0.17138281574469	-0.852054445938857	-0.459396739502732	-1.02343726168355
"428"	-0.150012124154754	-0.563731779902042	-0.275589714708165	-0.438781133865382	-0.713743904056796	-0.714370848573547
"429"	-0.681433979115919	-0.528521108669467	-0.286315456714388	-0.111486684370041	-1.20995508778539	-0.397802141084429
"430"	-0.718207151908397	-0.0098786814588033	-0.236226891575702	-0.422443156416905	-0.7280858333672	-0.658670047992607
"431"	-0.657628627554103	-0.424876918329194	-0.0453028835878915	-0.393303153291726	-1.0825055458833	-0.438606036879618
"432"	-0.172021411524577	-0.174053476065461	-0.420267237909171	-0.846311082388148	-0.346074887590037	-1.26657832029732
"433"	-0.531446849501771	-0.392197948124226	-0.182228517340663	-0.311759936738596	-0.923644797625997	-0.493988454079259
"434"	-0.586776075769168	-0.39336956827694	-0.3139207860835	-0.121209924483796	-0.980145644046108	-0.435130710567296
"435"	-0.576769800157919	-0.0235877434289128	0.0294620069639904	-0.877264625905285	-0.600357543586832	-0.847802618941295
"436"	-0.137016738765904	-1.0826737573654	0.186957603167843	-0.537354651411935	-1.21969049613131	-0.350397048244091
"437"	-0.246257276186984	-0.23812135439885	-0.102544757451916	-0.83402517238631	-0.484378630585833	-0.936569929838226
"438"	-0.303044912655202	-0.898228890262874	0.126602257464905	-0.478021020492065	-1.20127380291808	-0.351418763027159
"439"	-0.316965838391147	-0.333122693449905	-0.289458174689563	-0.460098453385625	-0.650088531841052	-0.749556628075188
"440"	-0.380700787227072	-0.14380332485463	-0.333650871623252	-0.607521105532511	-0.524504112081702	-0.941171977155763
"441"	-0.00174572848171512	-0.636851835816709	-0.266460925192939	-0.433368971115024	-0.638597564298425	-0.699829896307963
"442"	0.0435225663365034	-0.248631874671358	-0.516500050921929	-1.06258780464833	-0.205109308334855	-1.57908785557026
"443"	-0.385385517459316	-0.357290495218282	-0.0152881079057918	-0.642624828510085	-0.742676012677598	-0.657912936415876
"444"	-0.401819587767397	-0.684260216061488	-0.056630503091673	-0.393830972271732	-1.08607980382888	-0.450461475363405
"445"	-0.115385105102427	-0.912128254295855	-0.567270670025834	0.136850486479879	-1.02751335939828	-0.430420183545955
"446"	-0.405030074580076	-0.578083857649985	-0.290107989799456	-0.176943311989948	-0.98311393223006	-0.467051301789404
"447"	-0.576757637959555	-0.303959799960311	-0.455170229695014	-0.109649888477592	-0.880717437919865	-0.564820118172605
"448"	-0.218908866954331	-0.310676541977535	-0.211437155206658	-0.740247769667615	-0.529585408931866	-0.951684924874272
"449"	-0.264038981837928	-0.155641216886347	-0.278483924567042	-0.756101594814876	-0.419680198724275	-1.03458551938192
"450"	-0.376589210743322	-0.539994490661433	-0.321345427247181	-0.212817423166309	-0.916583701404755	-0.53416285041349
"451"	-0.245654338665626	-0.208540732693275	-0.764091463318181	-0.268057972215388	-0.454195071358901	-1.03214943553357
"452"	-0.189291374456073	-0.577971386524303	-0.239255529406429	-0.362166221757081	-0.767262760980375	-0.601421751163511
"453"	-0.619508688329998	0.314908981584597	-0.366607858832448	-1.00133192505691	-0.3045997067454	-1.36793978388935
"454"	0.00557946608009038	-0.360157972370627	-0.727405160906958	-0.477639717387745	-0.354578506290537	-1.2050448782947
"455"	-0.431526456379824	-0.507705278267536	-0.302759074907255	-0.209388445133766	-0.939231734647359	-0.512147520041021
"456"	-0.445992574945356	-0.729158576271834	-0.372055668692329	-0.00855158832134494	-1.17515115121719	-0.380607257013674
"457"	-0.944295091713449	-0.447113882540209	-0.110015398249906	-0.146957911669568	-1.39140897425366	-0.256973309919474
"458"	-0.263909229089896	0.0090626670798753	-0.632279907310012	-0.771523474994944	-0.25484656201002	-1.40380338230496
"459"	-0.412015383822095	-0.539106252524409	0.174852529485455	-0.638605112385527	-0.951121636346504	-0.463752582900072
"460"	-0.262493954291707	-0.74401911154755	0.119322209087361	-0.542273769991618	-1.00651306583926	-0.422951560904257
"461"	-0.0565734009922889	-0.55210061827356	0.0226001164634533	-0.871181085081315	-0.608674019265849	-0.848580968617861
"462"	-0.34140244028427	-0.117100142874636	-0.910853749963701	-0.0328288455971082	-0.458502583158907	-0.94368259556081
"463"	-0.0231295624148874	-0.866006633487688	-0.250542416973206	-0.257292959264558	-0.889136195902576	-0.507835376237764
"464"	-0.469679449785068	-0.197028715978882	-0.389885395819389	-0.311525060220486	-0.66670816576395	-0.701410456039875
"465"	-0.533666596682681	-0.0546108799863234	-0.634586740057335	-0.160295934017484	-0.588277476669004	-0.794882674074819
"466"	-0.644507098628837	-0.396381042731787	-0.245117497630583	-0.19110351607355	-1.04088814136062	-0.436221013704133
"467"	-0.260780762457851	-0.462849336766898	-0.515624534077353	-0.177562197728981	-0.723630099224748	-0.693186731806334
"468"	-0.259891570218756	-0.508864850114436	0.0887167106696697	-0.709140185635701	-0.768756420333192	-0.620423474966032
"469"	-0.393405002202173	-0.0911666721256647	0.0576480094755545	-1.12286635757959	-0.484571674327838	-1.06521834810404
"470"	-0.152354383122428	-0.172730328860199	-0.605942194785822	-0.670012210304215	-0.325084711982627	-1.27595440509004
"471"	-0.242386324539915	-0.400446543985258	-0.741173085529379	-0.0606000611761549	-0.642832868525173	-0.801773146705534
"472"	-0.299257006989151	-0.164064903463089	-0.442713833685989	-0.472115744091075	-0.46332191045224	-0.914829577777065
"473"	-0.441195798619332	-0.127169014405674	-0.228162933679504	-0.566141682638064	-0.568364813025006	-0.794304616317568
"474"	-0.00712288908686528	-0.348567774518089	-0.14219629407933	-1.05943630004406	-0.355690663604954	-1.20163259412339
"475"	-0.174008322953558	-0.58203249402775	-0.687139773747879	0.0452287783237808	-0.756040816981308	-0.641910995424098
"476"	-0.612940111191503	-0.910194686966482	-0.21788262873489	-0.0245820576107822	-1.52313479815798	-0.242464686345673
"477"	-0.372711402562468	-0.151456100062802	-0.111127832023366	-0.765437646991963	-0.52416750262527	-0.876565479015329
"478"	-0.747976506162149	-0.2923473036224	-0.0447200261730258	-0.396347932846143	-1.04032380978455	-0.441067959019169
"479"	-1.14238925452329	0.471071184087909	-0.458233033105194	-0.317313104042005	-0.671318070435381	-0.775546137147199
"480"	-1.17177060880836	0.123153061246819	-0.0272837985263967	-0.403930377325787	-1.04861754756154	-0.431214175852184
"481"	-0.458494351101711	-0.388191036086716	-0.329958457931623	-0.222486768238018	-0.846685387188427	-0.552445226169641
"482"	-0.384492253748682	-0.419554113256711	-0.400156525510932	-0.189174521176995	-0.804046367005393	-0.589331046687926
"483"	-0.443147361355309	-0.602581897844159	-0.0156411238925417	-0.412263205681182	-1.04572925919947	-0.427904329573724
"484"	0.0842200724969365	-0.519301359965829	-0.439458860352945	-0.68668152552626	-0.435081287468893	-1.12614038587921
"485"	0.0157344871610327	-0.782626545446784	-0.303188893387777	-0.267328063582231	-0.766892058285751	-0.570516956970008
"486"	-0.56456181739038	-0.229563850131571	-0.455530491081743	-0.168043396779428	-0.794125667521951	-0.62357388786117
"487"	-1.02266786381114	-0.335066181544582	-0.325661914074325	0.0325622747532413	-1.35773404535572	-0.293099639321084
"488"	-0.610491800437089	-0.367098451630452	-0.225338431254572	-0.229377601731451	-0.977590252067541	-0.454716032986022
"489"	-0.293849815198269	-0.966114416857186	-0.123952481296468	-0.203918464035857	-1.25996423205546	-0.327870945332326
"490"	-0.715112203360472	-0.206097387418486	-0.0072509041208326	-0.507414740987483	-0.921209590778958	-0.514665645108315
"491"	-0.0468221093780506	-0.880168048603539	-0.121097036120006	-0.387031188005172	-0.92699015798159	-0.508128224125178
"492"	-0.486456253362216	-0.424688411606257	-0.143947666003236	-0.377356247368825	-0.911144664968473	-0.521303913372061
"493"	-0.174122903252751	-0.554032759044475	0.00659974140174338	-0.625657767372974	-0.728155662297226	-0.61905802597123
"494"	-0.607827396590247	-0.0642367299757139	-1.07482429071906	0.346464326806824	-0.672064126565961	-0.728359963912239
"495"	-0.0482800407528783	-0.471018368556034	-0.5361027209766	-0.380245895759635	-0.519298409308913	-0.916348616736235
"496"	-0.0916904037682191	-0.607714939537352	-0.31077381270193	-0.39764400266287	-0.699405343305571	-0.708417815364801
"497"	-1.56146441551842	0.348270473291992	-0.120826687719448	-0.293664515691213	-1.21319394222643	-0.414491203410661
"498"	-0.117569878766918	-0.413833466966051	-0.150938391539525	-0.766221553334889	-0.531403345732969	-0.917159944874415
"499"	0.143503612251508	-1.07774191204187	-0.521622744758406	0.00162400031104173	-0.934238299790366	-0.519998744447364
"500"	-0.434945989969241	-0.263293743124991	0.104874040486296	-0.785495393436481	-0.698239733094232	-0.680621352950185
