"V1"	"V2"	"V3"	"V4"
"1"	100	0.000410125368453499	0.000283748649212485	0.000702780670719228
"2"	200	0.000753185293607396	0.000787381906879686	0.00153677777386725
"3"	300	0.00090307712217863	0.00110430563287817	0.00197526809327997
"4"	400	0.00122072327339956	0.00138041146070464	0.0026004893553404
"5"	500	0.00202413341889003	0.00181132894659272	0.00380564627947631
"6"	600	0.00276772916338022	0.00230015903416509	0.00506336834459189
"7"	700	0.00322462403839638	0.00279515055512329	0.00580861601342907
"8"	800	0.00378232272665647	0.00330859863903392	0.0069085241642576
"9"	900	0.00403504061889162	0.00391557444807026	0.00752379312265651
"10"	1000	0.0046263085001689	0.00446859849995494	0.00876428839196192
"11"	1100	0.00500766062608139	0.00533255338596399	0.00989770183952282
"12"	1200	0.00557579023207846	0.00640416899716962	0.0116345248799492
"13"	1300	0.00592266881472118	0.00702723627338534	0.0124300481234382
"14"	1400	0.00696003607614425	0.00733991854135815	0.0134242001073143
"15"	1500	0.00778564491709175	0.00767917447295503	0.0147769708629811
"16"	1600	0.00810614593399881	0.00843851526721162	0.0158886966752073
"17"	1700	0.00855180861139434	0.0103940135563388	0.0182500585874292
"18"	1800	0.00906003956910051	0.0106185435621913	0.0192093064829387
"19"	1900	0.00971739275113596	0.0112973353867624	0.0203611944987567
"20"	2000	0.0102947946208309	0.0117653457961293	0.0211702407247676
"21"	2100	0.0101613766495253	0.0122906974719141	0.0219126096891396
"22"	2200	0.0102766819581061	0.0131565844179437	0.0228449773059151
"23"	2300	0.0112691339066703	0.0136442298347252	0.0246902642829359
"24"	2400	0.0115975809233719	0.0142348594535544	0.0253596294380166
"25"	2500	0.0118699932118511	0.0148523233013724	0.0265271898158919
"26"	2600	0.0124385451695596	0.0151643801021592	0.0269538348120148
"27"	2700	0.0134656751288883	0.0158597520643826	0.0289602457351975
"28"	2800	0.0137192758920621	0.0161949440411859	0.0295276579231034
"29"	2900	0.0144244162305547	0.0167355634207983	0.0306943048169352
"30"	3000	0.0152601360321958	0.017406314309738	0.0322520056165186
"31"	3100	0.0156197125161423	0.0176930304173306	0.0329298114792756
"32"	3200	0.0156186552103819	0.0179747520789493	0.033536232185528
"33"	3300	0.0167126691872348	0.0179301141987714	0.0345154646528768
"34"	3400	0.0172325906877893	0.0186075899255391	0.0355886459849543
"35"	3500	0.0176616255816771	0.0186249222225965	0.0361334523704402
"36"	3600	0.0183702651767846	0.0188053666117908	0.036874042709176
"37"	3700	0.0186737522460122	0.0192357716485711	0.0371417310489573
"38"	3800	0.0190626137736828	0.0201607858013118	0.0389622397898676
"39"	3900	0.0194562107637579	0.0205743975871147	0.0404701444741462
"40"	4000	0.019961068015565	0.0207661332035941	0.0414726908242826
"41"	4100	0.0205954516259978	0.0213265401070011	0.0425325915918608
"42"	4200	0.0212233111492008	0.0217629834535511	0.0430657822908258
"43"	4300	0.0214748387083083	0.0221642236701814	0.0438853862914495
"44"	4400	0.022477261021248	0.0220654750975563	0.043999240118315
"45"	4500	0.0231071919543756	0.0227275169229641	0.0448584030963478
"46"	4600	0.0238998067385519	0.0232262846705345	0.0461364273223576
"47"	4700	0.0241516322203167	0.0233471607201496	0.0463203061810389
"48"	4800	0.0249857635979233	0.0240105052735123	0.0481473406138958
"49"	4900	0.0254253397850156	0.0235025318807496	0.0472630199451403
"50"	5000	0.0264292283565598	0.0240246446758943	0.048938938485526
"51"	5100	0.0264828201138395	0.0245680897199256	0.049811081554934
"52"	5200	0.0261418905604879	0.0253414886987554	0.0503093194488399
"53"	5300	0.0265101147753569	0.0259133147551318	0.0512983083432713
"54"	5400	0.0271070754713944	0.0266669831104896	0.0528623446911857
"55"	5500	0.0281811663019594	0.0267969276763053	0.0543397594440711
"56"	5600	0.0287773398463321	0.0270659503157971	0.0554310268763594
"57"	5700	0.0292632900662891	0.0274164936124704	0.0567935166450139
"58"	5800	0.0297762657664022	0.027301617221697	0.0571402317888553
"59"	5900	0.0301275979231105	0.0277786507192237	0.0583163851112148
"60"	6000	0.0303379154688921	0.0293167769916821	0.0600447611316788
"61"	6100	0.0310731445098372	0.0297093557805421	0.0610880558935566
"62"	6200	0.0317740767138812	0.0300207785171411	0.0618469668546194
"63"	6300	0.0317550860931892	0.0305029258494366	0.0624151203439373
"64"	6400	0.0321033898196593	0.0313420498261737	0.0636265598561278
"65"	6500	0.0326252207331119	0.0318859354298471	0.0639119557616055
"66"	6600	0.0323873427298389	0.0320782608956097	0.0641586538192486
"67"	6700	0.0327578538636158	0.0328813429010427	0.0643455265136035
"68"	6800	0.0334577794569048	0.0335155765000088	0.0655734292716159
"69"	6900	0.0338277054533342	0.0336760706315524	0.066405394113023
"70"	7000	0.0341136854231925	0.0340335156733201	0.0663726333001803
"71"	7100	0.0349864145481434	0.0347988629142746	0.0679608606610906
"72"	7200	0.0355417686410552	0.0358375418885261	0.0700382073993838
"73"	7300	0.0366468557479023	0.036349637158643	0.0723423779759861
"74"	7400	0.0371535036790575	0.0362311595643691	0.07346748990143
"75"	7500	0.037718509963204	0.036170468386895	0.0741836787835341
"76"	7600	0.0378829677259393	0.0370725025527255	0.0758734715957357
"77"	7700	0.0389497703335228	0.0370338007389261	0.0778312036262232
"78"	7800	0.0400561330365808	0.0377834155574655	0.0801282502058128
"79"	7900	0.0406708400383228	0.0380657234042637	0.081715130665728
"80"	8000	0.0415613453389321	0.0399002440524784	0.0845746522438246
"81"	8100	0.0420110595081281	0.0407613264265764	0.0865465485727002
"82"	8200	0.043108068103593	0.0407884460476008	0.0884442325912037
"83"	8300	0.0432406222013303	0.0413790397230002	0.0889832387644491
"84"	8400	0.0437259434355704	0.0420883289547827	0.0900157822869742
"85"	8500	0.0450312045656835	0.0425209916496865	0.0912494167710212
"86"	8600	0.0453777854993167	0.0428991001116738	0.0917643686493479
"87"	8700	0.0456039676221177	0.0435010647454833	0.0933070656358821
"88"	8800	0.046148583491798	0.0440142957002128	0.0949993888097237
"89"	8900	0.0463481832681352	0.044462050863084	0.0954798371441291
"90"	9000	0.0469990785043259	0.0453619409656738	0.0959148919425462
"91"	9100	0.0479017930734811	0.045316334406233	0.0958649290883
"92"	9200	0.0482602263055982	0.0457795127481114	0.0957238737600539
"93"	9300	0.0484424578833529	0.0457593723201203	0.09509246078841
"94"	9400	0.0489047387771503	0.0459277384518627	0.0948896170979616
"95"	9500	0.0498082876763321	0.0459488694102923	0.095105379254058
"96"	9600	0.0503665020027243	0.0464439815092374	0.0961694835678853
"97"	9700	0.0514434495171434	0.0463133830336601	0.0984405012692077
"98"	9800	0.0517504939390241	0.0460578970423406	0.0984222822552912
"99"	9900	0.0515819993047318	0.0466069861225444	0.0984890346226566
"100"	10000	0.0522714531699165	0.0463830825959611	0.0988268979192121
"101"	10100	0.0532317540825654	0.0466905394038179	0.100410215254993
"102"	10200	0.0537762501391483	0.0467136688464442	0.100464861494827
"103"	10300	0.0539776036147507	0.0465915271554259	0.0996985096323921
"104"	10400	0.0545513918473857	0.0472081267991143	0.100662016799503
"105"	10500	0.0548981124096119	0.0473010100332437	0.10131802850412
"106"	10600	0.0551406988923508	0.047520070759563	0.10245360482956
"107"	10700	0.0563598591913115	0.0479005246187765	0.104138262711951
"108"	10800	0.0566323173650252	0.0483555173624942	0.104810667860176
"109"	10900	0.0570360629029944	0.0483390168502372	0.105153414889384
"110"	11000	0.0575993274529199	0.0489339427381914	0.105833659230177
"111"	11100	0.0591771460433923	0.0498844326952395	0.107062656981574
"112"	11200	0.0602026550920515	0.0509895900486527	0.10932590341466
"113"	11300	0.0610488515249315	0.0505761565151837	0.110677053619132
"114"	11400	0.0619639706501385	0.0510678000184224	0.111610125872971
"115"	11500	0.0627207412779769	0.0518919120491959	0.113191644969846
"116"	11600	0.0625681953479474	0.0527059540521516	0.11268604120499
"117"	11700	0.0626799876102235	0.0531805389499336	0.113086756960554
"118"	11800	0.0629432696210616	0.0534745251297463	0.113728761397105
"119"	11900	0.0658102232009363	0.053538661485544	0.115819979748866
"120"	12000	0.0666812008421882	0.0541787075382954	0.118872478862858
"121"	12100	0.0667137431848605	0.0545414529862468	0.119624282512999
"122"	12200	0.0683991292823418	0.054624128717139	0.121157282516903
"123"	12300	0.0680232779690522	0.0556242124402243	0.122185743177499
"124"	12400	0.0689938037596396	0.0562196220304313	0.124458434818443
"125"	12500	0.0687800848933871	0.0562245170147081	0.12325878324511
"126"	12600	0.0690162986084232	0.0564838636733413	0.123448636054866
"127"	12700	0.0689774478343651	0.0566809613350372	0.124518822820443
"128"	12800	0.0692453882909545	0.0574248227427809	0.125392528000219
"129"	12900	0.0696097571588074	0.0571061788377571	0.125650061349829
"130"	13000	0.07032631583597	0.0571611621488159	0.126162998654442
"131"	13100	0.0706784585660681	0.0570245034283792	0.12725504902503
"132"	13200	0.0708402308897981	0.0569226618866766	0.126018072984657
"133"	13300	0.073107218737929	0.0568348498107675	0.127612264251193
"134"	13400	0.0737624305596237	0.0565186897797358	0.128130713013693
"135"	13500	0.0750968071826729	0.0574115664069931	0.131316811151875
"136"	13600	0.0773421157217155	0.0585602292077158	0.134564293708872
"137"	13700	0.0783883290925771	0.0589446313538566	0.136350481831037
"138"	13800	0.0789473679489252	0.0589037864948537	0.136619226791772
"139"	13900	0.0790485879554972	0.0581847019652297	0.136227629113371
"140"	14000	0.0795782258012388	0.0587383119981515	0.137741233559356
"141"	14100	0.0792870065731001	0.0590385952829074	0.137072692633251
"142"	14200	0.0801656794337403	0.0599221124966515	0.138894726780119
"143"	14300	0.0792714855646512	0.0605278421793698	0.137940243285492
"144"	14400	0.0794773879026991	0.0611807990849312	0.139103732590127
"145"	14500	0.0798225955114844	0.0608524426077342	0.139684997813329
"146"	14600	0.0811268744729771	0.0608170975510748	0.139903336975056
"147"	14700	0.0811722202757082	0.0606718569225087	0.140765188113636
"148"	14800	0.0812149358275806	0.0607476331763075	0.141103738971792
"149"	14900	0.0821028791970167	0.0610642993954504	0.142148507069092
"150"	15000	0.0811186844392485	0.0617988362710143	0.143475112377968
"151"	15100	0.080822112804086	0.0619532715513793	0.143753068692777
"152"	15200	0.0819837555006676	0.0627250454660691	0.146050872100801
"153"	15300	0.082706135340678	0.0632037073142769	0.146538983635557
"154"	15400	0.0841836619435486	0.0635597172881884	0.148824449554987
"155"	15500	0.0838942926956007	0.0641567063753243	0.148653494930024
"156"	15600	0.0851082329520192	0.0642987914283266	0.151464345290365
"157"	15700	0.0855889234868193	0.0649730905859019	0.152121827697156
"158"	15800	0.0854710584864002	0.0648011205417263	0.152423879237199
"159"	15900	0.0857345018235824	0.0642693523959033	0.150854519218242
"160"	16000	0.0867335548386861	0.0643050089705189	0.152352220149013
"161"	16100	0.0879771827343193	0.0645301607184885	0.152987749644344
"162"	16200	0.0880312827365917	0.0645308045219655	0.153617719234358
"163"	16300	0.0894705051831858	0.0649895912936302	0.154973803559528
"164"	16400	0.0898171876983102	0.0656687893814626	0.155991848605591
"165"	16500	0.0910580765252385	0.0660328857999647	0.156668134942113
"166"	16600	0.0918705664053446	0.0667926376998078	0.15942279476102
"167"	16700	0.0917685951199206	0.0670888677086475	0.158971680086009
"168"	16800	0.0918865576689792	0.0672333570709126	0.158805906154813
"169"	16900	0.0935338709626173	0.0671267355111746	0.160798037210933
"170"	17000	0.0937894874437452	0.0673761891235998	0.162030754698634
"171"	17100	0.0933677746387441	0.0682641047082597	0.160282384804365
"172"	17200	0.0938846665469975	0.0685594963541207	0.161086158038514
"173"	17300	0.0941549397806971	0.0685040777423964	0.160090010371837
"174"	17400	0.0940717336565797	0.069425283595503	0.160323245404588
"175"	17500	0.0938983422393656	0.0692266217775087	0.160243313883121
"176"	17600	0.0942289718111584	0.0697467680543845	0.161785610140159
"177"	17700	0.0950800890025743	0.0706093465371085	0.163240891437144
"178"	17800	0.0959812954012525	0.0708200874072893	0.164051262968861
"179"	17900	0.0959293129209985	0.0712921053709765	0.164798064438264
"180"	18000	0.0961189538364293	0.0715290226023504	0.165856542291058
"181"	18100	0.0967468795819814	0.0718047012585131	0.167305623092098
"182"	18200	0.0972717767942666	0.0731674480842619	0.169709899364771
"183"	18300	0.0979563031080355	0.0740993824480283	0.170807718020831
"184"	18400	0.0975921125827115	0.0740818511483344	0.170509608772422
"185"	18500	0.0988931274530653	0.0744035094806816	0.172165876460342
"186"	18600	0.0991826408083134	0.0759139557328451	0.173703813563148
"187"	18700	0.0998226595341464	0.0765712928318661	0.175019548126065
"188"	18800	0.0999670394561469	0.0755798149314072	0.174524764386879
"189"	18900	0.100455666875683	0.0762816397098393	0.176084565476307
"190"	19000	0.100675521714805	0.0771953280189102	0.177104258697707
"191"	19100	0.101392146523911	0.0766393366196289	0.177111577002488
"192"	19200	0.101841933439697	0.0772276318154108	0.178780750277569
"193"	19300	0.101806814994912	0.0772461942730693	0.178884351728148
"194"	19400	0.102591201676144	0.078165281468478	0.180462425856424
"195"	19500	0.103115358122878	0.0788105579857586	0.181037012994497
"196"	19600	0.103902585747813	0.07929308593715	0.182130833583087
"197"	19700	0.104986439288382	0.0792985980055619	0.182709960607869
"198"	19800	0.104848483874923	0.0798083700948683	0.182575711925178
"199"	19900	0.105155689662547	0.0793911830188904	0.182941396559032
"200"	20000	0.10521325232457	0.0797747572472094	0.184171667698508
"201"	20100	0.105155637985555	0.0808173940422541	0.184568143155457
"202"	20200	0.105241143556503	0.0811049638702698	0.185397295147205
"203"	20300	0.105380811432582	0.0805293407104434	0.18578457713651
"204"	20400	0.106470725604004	0.081006580735889	0.187015095817575
"205"	20500	0.106057876065134	0.0820525047961111	0.184742756373068
"206"	20600	0.105137415882794	0.0823063028449235	0.184637217803068
"207"	20700	0.104481358189264	0.0822071430955408	0.183951055156831
"208"	20800	0.104865095129138	0.0824308025362645	0.184038680119272
"209"	20900	0.105439722843692	0.0832193835320706	0.186936027252794
"210"	21000	0.106028366357162	0.0842953884905543	0.187912577014532
"211"	21100	0.106242251603721	0.0845970002613232	0.189843635794171
"212"	21200	0.106315205216588	0.0846548602694981	0.190650120504315
"213"	21300	0.107785195249451	0.0845513870316812	0.193276931088708
"214"	21400	0.108379521406751	0.085625164031186	0.194275882374132
"215"	21500	0.109818686317842	0.0855621276281454	0.195824450492506
"216"	21600	0.109111844859489	0.0853565613922496	0.194712528084689
"217"	21700	0.110824086042926	0.0853661512051981	0.196700018693672
"218"	21800	0.110724467590493	0.0853535194576736	0.196654584738591
"219"	21900	0.110833004260699	0.0857697353855162	0.196322754369113
"220"	22000	0.110860513623871	0.0858832114415169	0.195905636806559
"221"	22100	0.110384815318136	0.0859063112202961	0.196163931351398
"222"	22200	0.112003811474361	0.0859619735303287	0.198949217307712
"223"	22300	0.112669157373788	0.0860078362500855	0.19932231333179
"224"	22400	0.113542464411834	0.0866134066588271	0.201812251517121
"225"	22500	0.113333900472583	0.0883152224945458	0.203620585202477
"226"	22600	0.113271085029551	0.0890800706881325	0.203626106706237
"227"	22700	0.112846674856659	0.0893866126900067	0.203715647092108
"228"	22800	0.113175016113398	0.0906524195806293	0.206833091173135
"229"	22900	0.113638887682358	0.0912397845144457	0.208916058607184
"230"	23000	0.114241395171384	0.0910540924201046	0.208788339809243
"231"	23100	0.114640836557163	0.0907413456727889	0.211038190479336
"232"	23200	0.115273546328168	0.0911967451653481	0.210833693665009
"233"	23300	0.116247052474127	0.091717385691103	0.213120949149634
"234"	23400	0.116749508875376	0.0925247016225697	0.213291475453704
"235"	23500	0.117793622711467	0.0922576868890282	0.21387916395628
"236"	23600	0.117492445052472	0.0927134415758039	0.215067304674198
"237"	23700	0.117780136062025	0.0934853288962911	0.2159486498265
"238"	23800	0.119016581047005	0.0946813227055943	0.219044814992907
"239"	23900	0.119282677589309	0.0948908958243717	0.219493315767813
"240"	24000	0.119743488143642	0.0955540908290687	0.220191031198048
"241"	24100	0.120466489633163	0.0963126416840848	0.221152214614207
"242"	24200	0.120034057306532	0.0953681952797914	0.220719183552658
"243"	24300	0.119810432038979	0.0953626893887512	0.220425192770642
"244"	24400	0.120837908848468	0.0960010447954438	0.221224591124864
"245"	24500	0.122018773925602	0.0963210864636875	0.222493860346611
"246"	24600	0.123417692472048	0.0970313290306538	0.224405691074947
"247"	24700	0.123296569209455	0.0980688563826123	0.224427445948717
"248"	24800	0.124481703775444	0.0986418485057054	0.226285821298948
"249"	24900	0.12496770258951	0.099305412855552	0.227987636476409
"250"	25000	0.125946468956043	0.0991416521871837	0.229156304941598
"251"	25100	0.127108352865164	0.0994219312116951	0.230468801897012
"252"	25200	0.127224349844702	0.0998031982243492	0.231658603200311
"253"	25300	0.127378858873761	0.100251358114679	0.23127303586871
"254"	25400	0.128420003864257	0.0991328229958356	0.231091423463995
"255"	25500	0.128318638822174	0.0998874208270673	0.232725654055254
"256"	25600	0.127273182385057	0.0997729872624678	0.231096263114387
"257"	25700	0.127775517397976	0.10062983122775	0.231401505437059
"258"	25800	0.128451190508841	0.100981858610626	0.231119902914372
"259"	25900	0.128475353201664	0.101990197308855	0.23235567650615
"260"	26000	0.130471210650074	0.102978908683351	0.23371710691863
"261"	26100	0.131020876350477	0.103712209760587	0.23638476130051
"262"	26200	0.132263073565978	0.103931859411158	0.238263066597777
"263"	26300	0.132891993609785	0.104325636652796	0.238392270791811
"264"	26400	0.133069103174966	0.104454646218769	0.237518789504647
"265"	26500	0.133705686786031	0.104816116583746	0.238805872696406
"266"	26600	0.134328938342513	0.105008262343464	0.238472635047223
"267"	26700	0.134934530626466	0.105946063929471	0.239342615238498
"268"	26800	0.134742225934264	0.106634632098311	0.239025028038976
"269"	26900	0.135339025492082	0.108123067060677	0.242220376706301
"270"	27000	0.135788228941971	0.109668849813286	0.244989935820896
"271"	27100	0.135444444468518	0.111561917322229	0.245329961279782
"272"	27200	0.136897960115191	0.112032946356794	0.248864384079459
"273"	27300	0.136516085072172	0.112182194894669	0.247621480556079
"274"	27400	0.137707441759308	0.11284979428769	0.253782471494337
"275"	27500	0.136744802254455	0.113614754856335	0.25364195484067
"276"	27600	0.136705048089237	0.114347907282556	0.253469885244316
"277"	27700	0.138348820544985	0.114111029871911	0.254823293066772
"278"	27800	0.13878973841795	0.11423726385442	0.254804981308681
"279"	27900	0.140012710336878	0.114967287514956	0.255107412445496
"280"	28000	0.140186548140989	0.116046449916136	0.256228873139241
"281"	28100	0.140822623372652	0.116939640063048	0.25707853528403
"282"	28200	0.140987859819231	0.118309305842629	0.259252852019573
"283"	28300	0.141988091297454	0.118878158598032	0.261478778113485
"284"	28400	0.142928851334493	0.119033655637738	0.262398275272863
"285"	28500	0.142514629217101	0.119488860673765	0.265579754017544
"286"	28600	0.143065796505666	0.120117144335519	0.26714157529518
"287"	28700	0.143954799771298	0.120039521196245	0.270119462116967
"288"	28800	0.144164491448892	0.119837597060266	0.269338550381285
"289"	28900	0.145503222005341	0.121473872569077	0.272816528849776
"290"	29000	0.145757115137914	0.12136381864561	0.271613176023131
"291"	29100	0.145372009912087	0.122373942697844	0.271410610326153
"292"	29200	0.144423079687693	0.124049498955379	0.271120118737916
"293"	29300	0.145337929581665	0.124707378316388	0.269974227604261
"294"	29400	0.147194929453535	0.126225575026388	0.273857844819366
"295"	29500	0.146178806898672	0.127553272108108	0.275020036393735
"296"	29600	0.147164015252365	0.129573766818745	0.279103350637551
"297"	29700	0.147795701979508	0.129485494870535	0.278053176928027
"298"	29800	0.147682360670105	0.129661716604055	0.278065909267918
"299"	29900	0.147933594558755	0.130324539893192	0.277772196058535
"300"	30000	0.148950039671975	0.130400232105343	0.279578508178032
"301"	30100	0.149893371687265	0.130352547990442	0.279087623463225
"302"	30200	0.151721753274022	0.13056697146035	0.281681078996913
"303"	30300	0.152458090648546	0.130636256521036	0.283322656184768
"304"	30400	0.154298739007446	0.130196844982137	0.285054759703597
"305"	30500	0.155618690329863	0.131231763011177	0.287179958285614
"306"	30600	0.155356615537177	0.131149752326986	0.288326627027048
"307"	30700	0.15525741900925	0.13080734450148	0.287765302889719
"308"	30800	0.156232180272969	0.131417951994327	0.288025258985519
"309"	30900	0.156442383256829	0.132084205875196	0.290785831062924
"310"	31000	0.158147447397488	0.133839958071309	0.296033913511826
"311"	31100	0.159106106808951	0.136261685343177	0.299997296002839
"312"	31200	0.159954077620617	0.136512894791664	0.299601530191244
"313"	31300	0.161131004394993	0.137054010325032	0.301347860545974
"314"	31400	0.1609647580333	0.137958435401509	0.303752178365134
"315"	31500	0.160027663948684	0.137880524963999	0.303363747990358
"316"	31600	0.160676562651874	0.138692667802373	0.303750053749346
"317"	31700	0.161539348562401	0.139665213510872	0.306491296209585
"318"	31800	0.160564373698909	0.140570030563166	0.304061699773964
"319"	31900	0.162504451929116	0.140557259185815	0.307757195856532
"320"	32000	0.162644869309132	0.140944190373731	0.309048750415081
"321"	32100	0.163660313021958	0.141687801548054	0.311331118156837
"322"	32200	0.164033809425897	0.142983705695475	0.3153556169117
"323"	32300	0.165357043495199	0.14295831513228	0.317298373875645
"324"	32400	0.165937254873939	0.143934116253338	0.319122222241816
"325"	32500	0.167722900780844	0.144568310223573	0.32038860939681
"326"	32600	0.170523089637925	0.144279581761721	0.32272680425639
"327"	32700	0.169454882315734	0.144891019926599	0.321466657313827
"328"	32800	0.170959777893967	0.145622361688162	0.323776649946731
"329"	32900	0.171426808665722	0.146483503651254	0.324624324090931
"330"	33000	0.172346656352288	0.145773224049476	0.324233231053293
"331"	33100	0.173249107511046	0.146381178673747	0.326885325620113
"332"	33200	0.172974906253196	0.146537080441609	0.327384316752594
"333"	33300	0.173274099010187	0.147131588441691	0.329598921662017
"334"	33400	0.174221510433177	0.147853956192776	0.330713624995433
"335"	33500	0.175912147932175	0.148206579308187	0.332549445998327
"336"	33600	0.175399321031338	0.14939323695013	0.333216255405033
"337"	33700	0.175574232197956	0.149860876962188	0.333649394573261
"338"	33800	0.175352710244748	0.150835141901872	0.335642524768908
"339"	33900	0.174999770869797	0.151183371339804	0.336415028092062
"340"	34000	0.175178797901004	0.15210115099915	0.33742781471233
"341"	34100	0.174858843916022	0.152869646338746	0.338395290320939
"342"	34200	0.174890012650748	0.153904685540344	0.340193963169622
"343"	34300	0.176753672481938	0.154873638536887	0.342196040577138
"344"	34400	0.177573300750144	0.15526348391125	0.343749936718535
"345"	34500	0.177380623022685	0.157761294347003	0.347629559267544
"346"	34600	0.176919983901969	0.158836179305278	0.347307825418022
"347"	34700	0.17665546995332	0.158108403936163	0.345302130804424
"348"	34800	0.178150318907676	0.158966197853594	0.345595161232483
"349"	34900	0.178812960915228	0.159210199399069	0.346750311522808
"350"	35000	0.177710103763368	0.160061202009115	0.344245880788205
"351"	35100	0.179068868914938	0.161763138954233	0.347823952690054
"352"	35200	0.180850912867905	0.162022518418645	0.35105229338799
"353"	35300	0.18218055684794	0.162168904685983	0.3518567048501
"354"	35400	0.182805500449597	0.163294969742636	0.35603223192007
"355"	35500	0.181870493098517	0.164533465067609	0.354776888601802
"356"	35600	0.182236423418721	0.164832885059678	0.353958878232757
"357"	35700	0.182202580301758	0.165508636629871	0.353823274004538
"358"	35800	0.18221162364619	0.1666685287635	0.355376838101438
"359"	35900	0.181639474664512	0.166708258671048	0.356025002176714
"360"	36000	0.183961858144885	0.1672086704434	0.358770891182941
"361"	36100	0.183554315756929	0.167868703467037	0.356890348425604
"362"	36200	0.184951355430526	0.167170308114027	0.358536984530598
"363"	36300	0.184715411414216	0.167403041381368	0.359395426350172
"364"	36400	0.185241244744217	0.167224526523963	0.359984975238451
"365"	36500	0.185508034685266	0.167088166119762	0.359442536974148
"366"	36600	0.186282007435084	0.16859575043885	0.360290934655608
"367"	36700	0.186969002712167	0.168414829739554	0.360806549223203
"368"	36800	0.186957854608079	0.170546858457853	0.362071633095708
"369"	36900	0.185915097395973	0.171674316807994	0.361419775434763
"370"	37000	0.18622975623495	0.171764335318649	0.361288425596129
"371"	37100	0.187244567360367	0.171229375611426	0.360234282710908
"372"	37200	0.187797244912575	0.172090429821722	0.361625151050237
"373"	37300	0.188212559441277	0.1723238195763	0.3598156061946
"374"	37400	0.188102223310716	0.1729099385936	0.358929254260613
"375"	37500	0.18829696244971	0.17257788961481	0.357501854794061
"376"	37600	0.188325050861302	0.172580966987188	0.359710738531793
"377"	37700	0.188244602658358	0.172570537864586	0.361619729222321
"378"	37800	0.188829223082987	0.174027720757407	0.361882053875862
"379"	37900	0.188790585671605	0.173815758949926	0.360939429422725
"380"	38000	0.189887550334405	0.174141048871961	0.364622730642102
"381"	38100	0.191243705740172	0.174920679672754	0.366688437728453
"382"	38200	0.192677372967106	0.177025962551804	0.370492888967926
"383"	38300	0.193484646526835	0.176917420064281	0.369860749180945
"384"	38400	0.195325265061692	0.177154456768434	0.370664756457835
"385"	38500	0.195780023201798	0.177510345155345	0.370536089704797
"386"	38600	0.196342874378828	0.178489758297287	0.372923690491695
"387"	38700	0.197278649118266	0.180376998907694	0.375188063628293
"388"	38800	0.197638605610697	0.181140556222387	0.376528824613236
"389"	38900	0.198679601348266	0.182239849832038	0.379107385599728
"390"	39000	0.19883786371919	0.182285235462526	0.378353477067773
"391"	39100	0.198736019145097	0.181241088976782	0.374726817141595
"392"	39200	0.199935636926149	0.182753506724735	0.377785234255489
"393"	39300	0.20077511147545	0.182555937106586	0.381353392855646
"394"	39400	0.201963760101761	0.182296724993029	0.381966504613974
"395"	39500	0.202614677481698	0.182397815609166	0.382911546999267
"396"	39600	0.20270411069368	0.182461164429708	0.381721954398831
"397"	39700	0.202696769185139	0.18286991563034	0.382559262151984
"398"	39800	0.203216875086288	0.182570571484907	0.379027219030632
"399"	39900	0.202327200147446	0.18307772773413	0.378030322702482
"400"	40000	0.20198768909852	0.184115864132071	0.378126793168944
"401"	40100	0.202346644084844	0.185301028526499	0.381160955831565
"402"	40200	0.202752109469212	0.185328044072599	0.379548650694259
"403"	40300	0.20408792215059	0.185432037170353	0.381246284495588
"404"	40400	0.204685013176654	0.185173801832686	0.379570827956645
"405"	40500	0.205289532723117	0.187387081459836	0.383014052291537
"406"	40600	0.205641015003999	0.190436073552669	0.387533692103894
"407"	40700	0.206196437774813	0.190331246244179	0.386730460763788
"408"	40800	0.207321090503848	0.191349901278334	0.389502459435355
"409"	40900	0.20830708599546	0.191134172960423	0.388932575184458
"410"	41000	0.209305208350296	0.191888839240215	0.389292073891744
"411"	41100	0.210020841652248	0.192957623938505	0.391047574689927
"412"	41200	0.209571166795259	0.194067557011807	0.389719950280356
"413"	41300	0.211128454848202	0.193619084753905	0.390227611633042
"414"	41400	0.211685114445586	0.194694339850289	0.391528573259405
"415"	41500	0.213536926468133	0.196252517373785	0.396483331532526
"416"	41600	0.213902330720584	0.197259250057324	0.398891738438476
"417"	41700	0.214003541305158	0.197227742966097	0.398108701957135
"418"	41800	0.215529041425894	0.19652197994734	0.399879933694474
"419"	41900	0.216384793086815	0.197541351628872	0.398781015664243
"420"	42000	0.218683119369815	0.19719177312181	0.401504838469005
"421"	42100	0.220424172810772	0.197331047093184	0.404645856988769
"422"	42200	0.220856842457674	0.199525340525354	0.407979073422797
"423"	42300	0.221769553519961	0.199592646285831	0.408262740070023
"424"	42400	0.22152765588087	0.199749642191144	0.408948893187017
"425"	42500	0.221918081550535	0.200547173500401	0.410120450662174
"426"	42600	0.221894947525574	0.203130642439981	0.410081497625103
"427"	42700	0.222355691368513	0.203028020062568	0.412068078108089
"428"	42800	0.223070875813691	0.202595863690977	0.416312728945722
"429"	42900	0.222691603018085	0.202154465518974	0.414802690143375
"430"	43000	0.222563138414339	0.202418840357834	0.416209283751529
"431"	43100	0.223501679530416	0.203824120338861	0.419257795476223
"432"	43200	0.224950054200201	0.204598430227762	0.420895512761371
"433"	43300	0.22615723374628	0.205590445745667	0.425404779556168
"434"	43400	0.223780300719549	0.205321396004707	0.421790616746548
"435"	43500	0.223855138499602	0.206900260163903	0.423486558624993
"436"	43600	0.22547402752977	0.207252003319754	0.427540751907411
"437"	43700	0.225778763936661	0.206681575129573	0.427368460808711
"438"	43800	0.226272328171608	0.20824068862282	0.42809123122323
"439"	43900	0.226448091636973	0.208705754995139	0.429055546952623
"440"	44000	0.227584824942971	0.208757948431948	0.432343137205138
"441"	44100	0.227155276083755	0.211469458563217	0.43460833292592
"442"	44200	0.227971830374509	0.212140136894366	0.434772644194467
"443"	44300	0.229690796031933	0.213669830918821	0.440179010231064
"444"	44400	0.230470125650967	0.215341944935639	0.443765326527056
"445"	44500	0.231042393666354	0.215634621887897	0.445713867154736
"446"	44600	0.230819794640305	0.214975141663302	0.443936723873599
"447"	44700	0.230007565067776	0.215126062888021	0.444242532023972
"448"	44800	0.230326608147801	0.215556570019181	0.445330770992115
"449"	44900	0.231553723951859	0.216702683573458	0.447418314917148
"450"	45000	0.23189748544584	0.216249455349407	0.448526491381534
"451"	45100	0.231942134322357	0.21775512927645	0.447097408795088
"452"	45200	0.231822852942948	0.217543261296589	0.445825966570824
"453"	45300	0.232090275263201	0.218813592287357	0.448688992215149
"454"	45400	0.234105796679538	0.218876494798634	0.44919770080882
"455"	45500	0.233867076167073	0.220605463125855	0.451007587348598
"456"	45600	0.234519824523092	0.220513801426137	0.451762624332808
"457"	45700	0.234791968715871	0.222767068279126	0.45479316808009
"458"	45800	0.235340263470268	0.222877506446062	0.455465660510408
"459"	45900	0.236472891169157	0.222679085994161	0.456801379577364
"460"	46000	0.235190357051985	0.220220204134657	0.452255900119256
"461"	46100	0.236160474437992	0.220358097376958	0.452858795216041
"462"	46200	0.237738055662931	0.222119886231223	0.454768112270895
"463"	46300	0.238375346699834	0.223178244100246	0.456085513394173
"464"	46400	0.239838717737465	0.224919960012298	0.460206386030019
"465"	46500	0.240771555607807	0.224885271837789	0.461888368661451
"466"	46600	0.240357271081146	0.224296393305939	0.463311918855777
"467"	46700	0.242447534492162	0.224650015117443	0.46619937482401
"468"	46800	0.242462701156777	0.225694928971998	0.465515207534464
"469"	46900	0.241603290246039	0.227068858197469	0.465723420555252
"470"	47000	0.242811260191906	0.227444250374999	0.466679263521778
"471"	47100	0.245376714663287	0.227766811122639	0.468346447036753
"472"	47200	0.247630136195985	0.228654425931329	0.470491984488475
"473"	47300	0.250474349588406	0.228156430443073	0.473425134071091
"474"	47400	0.251693651145286	0.228763009090838	0.475493499875334
"475"	47500	0.252163063382507	0.230209055764856	0.479272648650655
"476"	47600	0.252207419100101	0.230320347350301	0.47519671349876
"477"	47700	0.253599295105862	0.234290210139039	0.480905903796273
"478"	47800	0.254191232547743	0.234859772606361	0.481815895097774
"479"	47900	0.255042960913264	0.23499441852066	0.48195282371045
"480"	48000	0.254049870000844	0.235172000142807	0.484050814946127
"481"	48100	0.253948139411163	0.236144827283204	0.485912446882524
"482"	48200	0.255443018808081	0.236743476754824	0.488897213396701
"483"	48300	0.255974606834524	0.233901131701395	0.488316737745355
"484"	48400	0.255939335446387	0.234262483931101	0.489713412723654
"485"	48500	0.256400574569466	0.234592602361692	0.489431751102522
"486"	48600	0.259425804953974	0.235925854271121	0.494369849688912
"487"	48700	0.25978116266283	0.236241401888238	0.495882052706917
"488"	48800	0.261389849413403	0.237369919754549	0.497895680427282
"489"	48900	0.261808025116645	0.238532987437364	0.499482388438058
"490"	49000	0.262572514544751	0.240470218872412	0.499589854949028
"491"	49100	0.262540406000551	0.242396365263285	0.502925260223116
"492"	49200	0.263090559373218	0.242266200896841	0.502792148620289
"493"	49300	0.262898247701351	0.242268872108808	0.503959753903013
"494"	49400	0.262372078997195	0.242866212079216	0.505234016492227
"495"	49500	0.264177363809226	0.242997045920314	0.50726031023621
"496"	49600	0.265366182785353	0.242681332317798	0.506729662295403
"497"	49700	0.265720113688973	0.242827440758351	0.505910262366264
"498"	49800	0.267475896105637	0.245711898675955	0.510837546006726
"499"	49900	0.26908407677468	0.246187323811428	0.511474756233371
"500"	50000	0.26795678743804	0.244977373930095	0.505881925731464
"501"	50100	0.268422537940924	0.246317249247991	0.505258887275992
"502"	50200	0.26756701285534	0.247381990852689	0.504377623599321
"503"	50300	0.267736004286684	0.24799456442711	0.505040562191278
"504"	50400	0.26793090291419	0.247564064210457	0.503457214784943
"505"	50500	0.269005110588016	0.249226910034178	0.506925104348314
"506"	50600	0.268918910079071	0.251486064288788	0.509494893808768
"507"	50700	0.270388559478315	0.252996857828972	0.513821434881569
"508"	50800	0.268702961819877	0.253696111191984	0.514116974673063
"509"	50900	0.268875839756204	0.253154515066245	0.514591147501413
"510"	51000	0.26915327138087	0.25332481341535	0.51643425278194
"511"	51100	0.269829572444708	0.253703530476761	0.514919167714883
"512"	51200	0.271998253580005	0.253816584294384	0.517118171490198
"513"	51300	0.274127907759554	0.254965038011078	0.520179877264734
"514"	51400	0.274897092911169	0.255080768836962	0.520296394481019
"515"	51500	0.274377063674564	0.254322134737512	0.518103595242327
"516"	51600	0.27467897363574	0.254303801424867	0.518528425940652
"517"	51700	0.275296638547864	0.254496450108313	0.520594089774667
"518"	51800	0.27541995705843	0.253280657313125	0.518424249354885
"519"	51900	0.275639998942879	0.253629002990633	0.518030818535422
"520"	52000	0.275343668767308	0.25431919255009	0.51731625513961
"521"	52100	0.27360791378293	0.256143191989719	0.522139380735973
"522"	52200	0.274907218900802	0.256522866837447	0.523054523628578
"523"	52300	0.276735507380455	0.255478907465767	0.522834132608854
"524"	52400	0.278331085635938	0.258855882070131	0.528085445674608
"525"	52500	0.279480697556144	0.25633824853637	0.526414949702002
"526"	52600	0.280385815775059	0.257765703152816	0.530071429655473
"527"	52700	0.279996306763337	0.258824309836377	0.530153834370814
"528"	52800	0.280380911241267	0.259253932478426	0.531626325953876
"529"	52900	0.280732041157906	0.259918010217591	0.533741469408864
"530"	53000	0.280255152886265	0.260087152506059	0.534425051245601
"531"	53100	0.281352222379868	0.260917803084184	0.535039129268282
"532"	53200	0.281992891930463	0.26087640837172	0.535086294336024
"533"	53300	0.284601172528468	0.260369525536072	0.536578286423124
"534"	53400	0.28478806032339	0.259891918588777	0.537072147040084
"535"	53500	0.284979839781974	0.260450873186745	0.538154542879808
"536"	53600	0.2858819778089	0.260910850231081	0.538689856391562
"537"	53700	0.286833890830921	0.260624881685001	0.538360371300035
"538"	53800	0.286266880225397	0.26057550615301	0.538031121157835
"539"	53900	0.287267469430165	0.260307131261505	0.539871598984597
"540"	54000	0.287500851569016	0.260775179203912	0.541463819874325
"541"	54100	0.286807033942816	0.260431488537733	0.541352583303258
"542"	54200	0.290468984084016	0.261091179667141	0.547134216002409
"543"	54300	0.292474382308512	0.260760068735253	0.547117707107209
"544"	54400	0.291448866213719	0.260454792042065	0.541621719970718
"545"	54500	0.292162829773366	0.261654695602439	0.54392018211226
"546"	54600	0.293161985966173	0.263750396691798	0.545449504396045
"547"	54700	0.293976180908323	0.26831130992106	0.551431275690279
"548"	54800	0.293572402343421	0.269327632704429	0.548266363405261
"549"	54900	0.295336800191728	0.269546760944862	0.54845727945339
"550"	55000	0.294102134525371	0.270967381004621	0.547510779672957
"551"	55100	0.29368060387049	0.271831880411336	0.549608148056612
"552"	55200	0.293762395421	0.271515847921305	0.549275586686334
"553"	55300	0.295159551898815	0.272356206184602	0.552620581491473
"554"	55400	0.293716043345592	0.274778022421914	0.557974023530607
"555"	55500	0.294515853407584	0.275700294231621	0.560429912094566
"556"	55600	0.29473259310818	0.275942276737128	0.558387585305398
"557"	55700	0.294120276136494	0.27677773190578	0.558169902098208
"558"	55800	0.293275753634272	0.278583101230042	0.561744128162215
"559"	55900	0.293017801275744	0.279670025865177	0.563668266895055
"560"	56000	0.293484471331505	0.281265234062225	0.567618084280445
"561"	56100	0.294252931340024	0.284587920535389	0.571442938322972
"562"	56200	0.295788121996788	0.284545626543097	0.573352503819508
"563"	56300	0.295869460071492	0.285993606989646	0.578146516176204
"564"	56400	0.295110770245904	0.287723292713598	0.57680420194547
"565"	56500	0.29734316346494	0.287197599308765	0.579952814631042
"566"	56600	0.298594515642241	0.285903271867545	0.578594144800174
"567"	56700	0.300294814191659	0.286361109958208	0.580075676216609
"568"	56800	0.299810131808513	0.287940635845274	0.582471121347927
"569"	56900	0.299629296570111	0.289268734646215	0.585672932664283
"570"	57000	0.299321656796427	0.291371324107797	0.586195654721782
"571"	57100	0.299975173330929	0.291555341784848	0.589784647645403
"572"	57200	0.301069154224927	0.291669491669945	0.591685416095125
"573"	57300	0.300079794058613	0.292245395955676	0.590990216128209
"574"	57400	0.302743540248746	0.29290747963317	0.595515910625383
"575"	57500	0.303161379049184	0.292034799782664	0.595123666957786
"576"	57600	0.301128228037386	0.292804562789837	0.592535326204975
"577"	57700	0.303151991547951	0.292304895507879	0.592732015046064
"578"	57800	0.303941667283409	0.292185496941424	0.593315417171406
"579"	57900	0.302851127125712	0.292442651028609	0.590924484732697
"580"	58000	0.30359235796828	0.293582988410983	0.593217253785064
"581"	58100	0.304796678574588	0.295074505429312	0.594562966411248
"582"	58200	0.303785265237761	0.295311123716161	0.592791781398334
"583"	58300	0.305844269924125	0.296339123593752	0.596135479838739
"584"	58400	0.303330957573046	0.296242374260749	0.597861938318834
"585"	58500	0.305577710589516	0.2980262371284	0.603104292499477
"586"	58600	0.305407077706296	0.299971842589979	0.606053659395505
"587"	58700	0.306028364464977	0.30041431717603	0.607672691976009
"588"	58800	0.306322269410618	0.301703631943042	0.607957039990282
"589"	58900	0.307066915761598	0.303037853171258	0.608560490398076
"590"	59000	0.306563659913644	0.303163471481744	0.606238725061682
"591"	59100	0.307101989391908	0.303681282002119	0.608292342638625
"592"	59200	0.306965022382453	0.304630564153166	0.608274686827624
"593"	59300	0.306688395367113	0.305169308310749	0.609243720347846
"594"	59400	0.307002583629375	0.304938777467181	0.608893160813602
"595"	59500	0.303859301346913	0.304832504253266	0.604644432977277
"596"	59600	0.305169077023826	0.308094561138974	0.610501687391612
"597"	59700	0.304939117024319	0.308067743320869	0.614014260504906
"598"	59800	0.304295498262808	0.308099054165198	0.615211309029712
"599"	59900	0.306755081986653	0.309702520863393	0.617164047684997
"600"	60000	0.307145618710913	0.312871561254122	0.620589940972903
"601"	60100	0.305924267259612	0.313817541115626	0.618464500504346
"602"	60200	0.305060371464086	0.315923923532592	0.623415191055451
"603"	60300	0.306466394318289	0.315292643052944	0.625101540539893
"604"	60400	0.309492373688754	0.315180517124659	0.628364831854143
"605"	60500	0.309408523118154	0.316467128046546	0.629588696563807
"606"	60600	0.309762834182584	0.317759305569902	0.632436491543119
"607"	60700	0.311113438466363	0.318913216844337	0.632231439098707
"608"	60800	0.311778396244586	0.319988287307738	0.634721547343439
"609"	60900	0.313782721580478	0.319563034501662	0.636499342416007
"610"	61000	0.315575533786366	0.32006627841347	0.638481600645798
"611"	61100	0.316211988833858	0.319746871943747	0.639384455895599
"612"	61200	0.316018859232022	0.320710407707839	0.640944740696372
"613"	61300	0.317905091239165	0.320105198262391	0.640875674856144
"614"	61400	0.318128927790784	0.320105669390434	0.638519848092309
"615"	61500	0.316142266742538	0.320961003614063	0.637271919852141
"616"	61600	0.313188668927853	0.322880718479744	0.636790874729556
"617"	61700	0.313009878139919	0.325579397678834	0.639902562354539
"618"	61800	0.312041693937406	0.326708919365799	0.638053945599693
"619"	61900	0.312958627819588	0.325790389019762	0.636621783340175
"620"	62000	0.314315883141684	0.329550300041802	0.644961183216972
"621"	62100	0.314751223482011	0.330302278137882	0.650105249423181
"622"	62200	0.314722019866021	0.330780472435606	0.64905048423782
"623"	62300	0.314051765946648	0.331104535470587	0.646252689454203
"624"	62400	0.313581562507381	0.331464744472271	0.645728132317205
"625"	62500	0.312561593445298	0.332370173677106	0.644504319914147
"626"	62600	0.314067145952795	0.333298829227095	0.646281474190551
"627"	62700	0.314766018233858	0.333455451064871	0.646757848382733
"628"	62800	0.315712113003143	0.332802314909727	0.647070513325964
"629"	62900	0.316450719716276	0.332911615376623	0.647123580303235
"630"	63000	0.317171696222878	0.332466041662447	0.649243000680607
"631"	63100	0.318532371008865	0.332490455991162	0.653261661183909
"632"	63200	0.319690651760129	0.330992743993253	0.655679747016279
"633"	63300	0.320327523399484	0.331682507409594	0.657547565375046
"634"	63400	0.322465582608189	0.333782714722006	0.661288096965975
"635"	63500	0.322420138751846	0.335910141921002	0.662984364823379
"636"	63600	0.323150492372588	0.334996917673378	0.662523504065492
"637"	63700	0.323437974052634	0.334022033927732	0.661097155067899
"638"	63800	0.322834921912446	0.334885936326832	0.661166222502078
"639"	63900	0.32404100102138	0.334826662599571	0.663363950537808
"640"	64000	0.324391335315006	0.335379477020988	0.663995653726622
"641"	64100	0.325638158075773	0.33582637856249	0.663864235642437
"642"	64200	0.327581244462061	0.336803468352022	0.666461426202163
"643"	64300	0.327565406648602	0.337538512123327	0.666388914909278
"644"	64400	0.327561233966462	0.339406525171425	0.670198172067867
"645"	64500	0.327758147239409	0.34144635108229	0.67143438415062
"646"	64600	0.328879491435881	0.341125243958919	0.676966944410206
"647"	64700	0.328471181409516	0.342664956480432	0.678203354862677
"648"	64800	0.327987429130987	0.343792565434958	0.680730314846226
"649"	64900	0.327633978682598	0.342840999090201	0.681621904171101
"650"	65000	0.327532345997167	0.343407505554325	0.680287189610609
"651"	65100	0.327723173495949	0.341835331315826	0.680961331901942
"652"	65200	0.329874132199221	0.341143706102689	0.682065143581821
"653"	65300	0.33122406592087	0.341947391950811	0.684347468714574
"654"	65400	0.331033685910916	0.340114564860261	0.678179156642897
"655"	65500	0.331887492323501	0.339154551863867	0.678637881508022
"656"	65600	0.333599405932553	0.339779297233082	0.680614997588107
"657"	65700	0.333676881112357	0.340529100237608	0.678690839879224
"658"	65800	0.333275306472543	0.339793667614178	0.676947301054926
"659"	65900	0.334609473539802	0.340291003762693	0.679191642952019
"660"	66000	0.334704640069194	0.342380950617016	0.681957003632172
"661"	66100	0.334543258261559	0.342713105273541	0.679639043109878
"662"	66200	0.335039468178305	0.342595155526175	0.682519875614475
"663"	66300	0.333991666507181	0.342868599673618	0.683031444372651
"664"	66400	0.333912331696126	0.341690646192637	0.679733266972654
"665"	66500	0.333362973006965	0.344971532863344	0.680862643150829
"666"	66600	0.333417176511665	0.345466896543398	0.681083394124444
"667"	66700	0.334039038483422	0.345073911689386	0.68118964710254
"668"	66800	0.334873773274814	0.344591453660705	0.684066280460567
"669"	66900	0.333722191419055	0.344417557766869	0.682301082135803
"670"	67000	0.333477737691414	0.344181698157157	0.683125163383302
"671"	67100	0.333615444560768	0.344746393031903	0.683769701442849
"672"	67200	0.336526077825813	0.34372126999784	0.686171436645594
"673"	67300	0.338757878415445	0.345913950880281	0.689246071120502
"674"	67400	0.339077546055339	0.344969808945618	0.691251044894123
"675"	67500	0.339910520451242	0.348168511422575	0.69301029620998
"676"	67600	0.33968095139152	0.347942826151911	0.691282476447039
"677"	67700	0.342843348731281	0.34860749315166	0.695667701196345
"678"	67800	0.344626167749471	0.349170120699495	0.697479639065438
"679"	67900	0.34641059159356	0.34976481368145	0.69685622698249
"680"	68000	0.347131982864811	0.349875383768155	0.697559259407415
"681"	68100	0.347105137483878	0.350954772633215	0.697637073160944
"682"	68200	0.346571080581186	0.352758349187126	0.700176761658428
"683"	68300	0.347342379743349	0.353081165276024	0.700204566049074
"684"	68400	0.348533310441752	0.354054923905718	0.699534753391615
"685"	68500	0.350318536605511	0.354897382973338	0.698952143699393
"686"	68600	0.350708784111436	0.357237692595844	0.699504953502113
"687"	68700	0.351747835558678	0.358948222956222	0.703245125664072
"688"	68800	0.352635902215881	0.359583399581419	0.707213705209219
"689"	68900	0.351701780463571	0.360308162128944	0.703444884415905
"690"	69000	0.35305283605581	0.360774774646914	0.708227305136072
"691"	69100	0.350999250195138	0.359928774233454	0.70926314148252
"692"	69200	0.350591034413047	0.360622093757643	0.707603484825315
"693"	69300	0.352431858699987	0.362143731985234	0.711158815471674
"694"	69400	0.351995927043277	0.364660875348173	0.71093143322914
"695"	69500	0.352018867870189	0.368522474608639	0.715444044248928
"696"	69600	0.353772256721129	0.371395242933844	0.720754146204714
"697"	69700	0.353398493855145	0.372572583360677	0.722198232137771
"698"	69800	0.353894798157231	0.372613924968598	0.725742294308191
"699"	69900	0.355856834817154	0.372094846875089	0.726655401187493
"700"	70000	0.35772200822595	0.373728715263396	0.728603103583737
"701"	70100	0.359544505398842	0.373500876318856	0.728097789053574
"702"	70200	0.360608377968146	0.372067516375372	0.724691762360863
"703"	70300	0.360373959679613	0.372896916620345	0.726925599744495
"704"	70400	0.361566627437824	0.372132125250921	0.728825531514068
"705"	70500	0.363047590423367	0.372632924705031	0.733548973648137
"706"	70600	0.363278003333446	0.375126166544271	0.739371633498716
"707"	70700	0.361840067029972	0.376706952046416	0.740764405136684
"708"	70800	0.362590524769248	0.379212084737945	0.743565307938671
"709"	70900	0.363583163093173	0.380048469530539	0.745591200745559
"710"	71000	0.365815577391513	0.382348126132456	0.752236223362609
"711"	71100	0.365767230185199	0.382940838438117	0.753986539845809
"712"	71200	0.365406572657208	0.383661322814799	0.753780569973544
"713"	71300	0.367465318549062	0.382365773255882	0.756669504405517
"714"	71400	0.369014512984809	0.383880777560266	0.754790668080359
"715"	71500	0.36982272121366	0.385383292479475	0.757115733634668
"716"	71600	0.370333657174401	0.386358509872142	0.760511009557128
"717"	71700	0.369875333487741	0.387942977836204	0.762549221016806
"718"	71800	0.370532036109134	0.387454301871051	0.762158256819403
"719"	71900	0.368454279004035	0.388395993072351	0.760322051159881
"720"	72000	0.368728777550839	0.38785426280572	0.75998886209041
"721"	72100	0.37013780216219	0.388374176260732	0.761637505678048
"722"	72200	0.372357636008949	0.389252064295468	0.76357881468675
"723"	72300	0.370957906471259	0.389865749429549	0.764479928836718
"724"	72400	0.370633332878736	0.390272572664553	0.765951219243546
"725"	72500	0.370654691521049	0.388783497850278	0.76543779904334
"726"	72600	0.373699960256666	0.389590609747483	0.76816518486826
"727"	72700	0.3741939580336	0.39014224499824	0.767128238763407
"728"	72800	0.373204389377579	0.389184954580313	0.764295396274665
"729"	72900	0.375881661072404	0.390968520082963	0.768172016788537
"730"	73000	0.374865909963457	0.391403022620734	0.767704193881132
"731"	73100	0.376002886253573	0.391323258703783	0.767910708546349
"732"	73200	0.376512713098901	0.390925486981891	0.769862905385305
"733"	73300	0.376567131124214	0.39217938473014	0.770893864452916
"734"	73400	0.378648049605842	0.392778527578562	0.772722396704364
"735"	73500	0.378729356014249	0.39258708093123	0.769981853678591
"736"	73600	0.379113481616363	0.393262130695353	0.772432971172415
"737"	73700	0.380627881860569	0.392722397616902	0.775437949525834
"738"	73800	0.378327516078013	0.396240239872345	0.776004523779921
"739"	73900	0.379944554569996	0.396274743007722	0.776387236844254
"740"	74000	0.378137316485962	0.395813004646037	0.774145936095161
"741"	74100	0.377933758914294	0.393827470576167	0.772659759058012
"742"	74200	0.379384907723313	0.394822256326215	0.773597289371995
"743"	74300	0.37965786760514	0.395559636131773	0.773904798910345
"744"	74400	0.380531374329343	0.395388546497476	0.774059272595526
"745"	74500	0.378037319682016	0.397040336729654	0.772000724212581
"746"	74600	0.379068139839525	0.397999882357722	0.77616149489585
"747"	74700	0.379652432804054	0.399997880479908	0.779817485412108
"748"	74800	0.380879826565987	0.403071220610725	0.783887116184771
"749"	74900	0.3812027844312	0.403700332297948	0.784907170330609
"750"	75000	0.383254661772344	0.402963242183154	0.788877234139662
"751"	75100	0.384841834161296	0.402583358412195	0.79162747198728
"752"	75200	0.383325974658708	0.401915971242156	0.787877116816193
"753"	75300	0.383423315848975	0.404406856758678	0.79308267824646
"754"	75400	0.384755466605511	0.402714177376668	0.79414302277357
"755"	75500	0.386595820787577	0.402354692399169	0.795352684184735
"756"	75600	0.386251418536025	0.403185586661562	0.790719380263498
"757"	75700	0.386515923559133	0.403862923597723	0.791725933028116
"758"	75800	0.385916140831602	0.404205068203507	0.791569405390144
"759"	75900	0.387409268283084	0.404754349359053	0.793969867032272
"760"	76000	0.389824379419676	0.404315061813761	0.797637551211664
"761"	76100	0.390723890251683	0.404899685155832	0.797348691065389
"762"	76200	0.390087643416441	0.406126126144363	0.796940555204872
"763"	76300	0.391858666189065	0.404952500281911	0.797092667719317
"764"	76400	0.391338815267225	0.408489490206211	0.801607451813037
"765"	76500	0.391069340386312	0.410410987434204	0.804725891184977
"766"	76600	0.393580798747742	0.40985917202336	0.805575693149333
"767"	76700	0.395397808361478	0.408222301789261	0.806113885331888
"768"	76800	0.394709035430945	0.409206429851711	0.808798320188821
"769"	76900	0.395227981319907	0.410449058982677	0.810847532106428
"770"	77000	0.395362565524153	0.408792017528808	0.807860678070735
"771"	77100	0.3957333800404	0.410058905452088	0.807882384945393
"772"	77200	0.396118258984702	0.407776231483323	0.807097202618108
"773"	77300	0.394773821179724	0.408052287211536	0.809333797310368
"774"	77400	0.396256153620987	0.40783858563267	0.809412105853634
"775"	77500	0.396092119630228	0.410366251335472	0.811317162462936
"776"	77600	0.396858244162829	0.413045547653431	0.815247429954378
"777"	77700	0.396330209770494	0.414425213017162	0.819888820683949
"778"	77800	0.396792931596008	0.412745464168688	0.818455380417811
"779"	77900	0.397400004386288	0.41175876290678	0.82060752122949
"780"	78000	0.399250236163312	0.412609193261239	0.821067876613017
"781"	78100	0.399693048699535	0.413453656107995	0.820687732564142
"782"	78200	0.400403637825499	0.411292352431112	0.82083270305589
"783"	78300	0.399559619337698	0.412346720848981	0.820924693408284
"784"	78400	0.399694888831536	0.412055268753235	0.824711024971761
"785"	78500	0.400723157447848	0.413716344938044	0.827228436953144
"786"	78600	0.401377051930578	0.415786364794537	0.827120658065929
"787"	78700	0.400942772894091	0.416636215258756	0.828101959753788
"788"	78800	0.403996034584609	0.416823215248803	0.828410516508324
"789"	78900	0.404967062587477	0.416863821789094	0.827797913596572
"790"	79000	0.405750886137459	0.417026957223239	0.827464744529578
"791"	79100	0.405681561972985	0.418279178425688	0.827487834145735
"792"	79200	0.405549801395016	0.419112972729239	0.828946276472949
"793"	79300	0.404159434784295	0.419238090749118	0.826379995889162
"794"	79400	0.406349228821452	0.420600631793306	0.831316791026994
"795"	79500	0.407108502528867	0.420585689494991	0.831721069423265
"796"	79600	0.407963946825051	0.419666444026004	0.829829402766175
"797"	79700	0.41067499233738	0.418423524661161	0.828766731447316
"798"	79800	0.410945587423405	0.41982476313852	0.833032303837112
"799"	79900	0.409753456523683	0.420669463893722	0.834651741737373
"800"	80000	0.410111121189167	0.42178987855483	0.836548779264377
"801"	80100	0.409671541791539	0.421971063457836	0.837886540124924
"802"	80200	0.409515288984034	0.421677597882562	0.838658382960112
"803"	80300	0.411744980777793	0.42281047571054	0.842852700772949
"804"	80400	0.41182556226084	0.424128363147983	0.842144098402136
"805"	80500	0.411642176076978	0.424383566681922	0.842314950269194
"806"	80600	0.410617465878594	0.424416044271232	0.839271047750264
"807"	80700	0.413099257978668	0.424369680509866	0.840757940978246
"808"	80800	0.412911092041671	0.425383006555777	0.841011859273686
"809"	80900	0.413204888120605	0.428521070157993	0.843522299441941
"810"	81000	0.411354997902126	0.425534328317558	0.840901453551621
"811"	81100	0.41264604195366	0.427270483034596	0.848382110015616
"812"	81200	0.411768128304648	0.427513936061667	0.849139268434027
"813"	81300	0.413664170765482	0.427138641513638	0.849014396878025
"814"	81400	0.412743312354747	0.427639094820355	0.849415111047939
"815"	81500	0.412136355309736	0.427433959182059	0.849316249112947
"816"	81600	0.413247117885791	0.429567488765791	0.855751508747
"817"	81700	0.413684650761498	0.43049804145264	0.857128981759034
"818"	81800	0.41497742997117	0.430843365838386	0.859833093747388
"819"	81900	0.418372659484605	0.435081504511901	0.869436002125077
"820"	82000	0.421321727102997	0.436281295550558	0.875796264727463
"821"	82100	0.422393563475563	0.435438467774299	0.872519664958111
"822"	82200	0.423530181670685	0.436054672938528	0.873544158636645
"823"	82300	0.428188580447179	0.43505779711792	0.87556104994499
"824"	82400	0.428338644324127	0.437132640259116	0.876679291574787
"825"	82500	0.428918203289639	0.437425790882564	0.877321244546521
"826"	82600	0.427722946044508	0.438806954982985	0.880442589869532
"827"	82700	0.427226678527733	0.43653459890332	0.875441886344652
"828"	82800	0.42745740756451	0.437335401216817	0.875628343424036
"829"	82900	0.431226871154584	0.437325716149616	0.876983290042685
"830"	83000	0.431714848164296	0.436497658031051	0.877169596479619
"831"	83100	0.430840407558432	0.437990164001229	0.878097849265371
"832"	83200	0.430783561759131	0.437876870575602	0.878291156068575
"833"	83300	0.432213684868927	0.43816780123206	0.881299199209284
"834"	83400	0.432999781589827	0.437698566255177	0.880228846343636
"835"	83500	0.434142291592382	0.438520162102461	0.881266496777047
"836"	83600	0.434017430885773	0.439609100505999	0.884499676058053
"837"	83700	0.435309660075898	0.44107872975594	0.89214221980151
"838"	83800	0.435343245078538	0.44071067063298	0.893538981356483
"839"	83900	0.435424335228402	0.441045060803883	0.895271102547988
"840"	84000	0.436629946788172	0.442852036176101	0.896821694127371
"841"	84100	0.435827640012942	0.443827946817219	0.897677922311228
"842"	84200	0.436735630426926	0.443142695994311	0.898162457119627
"843"	84300	0.436271831233999	0.44406248906533	0.896643428668953
"844"	84400	0.435901639267914	0.445534518145461	0.895599536800452
"845"	84500	0.43789105655071	0.446715212935569	0.896447296472432
"846"	84600	0.439452722308809	0.44601636624917	0.896499788072294
"847"	84700	0.439286909754802	0.446902939906682	0.896819815887315
"848"	84800	0.442161154257301	0.446559982620242	0.900782790265252
"849"	84900	0.442432845504242	0.446258908329428	0.899052945821803
"850"	85000	0.441218307627981	0.447237274727554	0.899438476616209
"851"	85100	0.442112981157561	0.449320833418797	0.90239886583846
"852"	85200	0.442780643167627	0.449033771891629	0.900957858046558
"853"	85300	0.443782517321717	0.449993784462414	0.901610278425761
"854"	85400	0.443662957612383	0.450476033879653	0.90018386226174
"855"	85500	0.441644450041273	0.451920298681484	0.897868124081415
"856"	85600	0.44141483101494	0.454462396084019	0.904291936089668
"857"	85700	0.444794337326456	0.455442410910886	0.908520341736638
"858"	85800	0.444826098623091	0.456079826457779	0.910375078109042
"859"	85900	0.445613742756162	0.456306438738578	0.911199750188745
"860"	86000	0.443533289630473	0.457162989069265	0.907231443551269
"861"	86100	0.444348295049398	0.456732528437881	0.907664220938942
"862"	86200	0.4445750485414	0.458380616020802	0.908603278487614
"863"	86300	0.445717243723075	0.458462595616873	0.906945922990531
"864"	86400	0.447464214151551	0.459130271413962	0.91075011081794
"865"	86500	0.446892006592171	0.458969979695951	0.909313430137719
"866"	86600	0.44676069739385	0.460272424384587	0.909967810985875
"867"	86700	0.445409327522598	0.461550438715639	0.909553005816963
"868"	86800	0.445779802429779	0.45940252340048	0.908164916178112
"869"	86900	0.446160694872703	0.460799898798427	0.911055393796645
"870"	87000	0.447295842074095	0.460310103730476	0.912782862182739
"871"	87100	0.448512953227925	0.459747832675292	0.915073620179946
"872"	87200	0.449108664836496	0.45931217245822	0.912440785743537
"873"	87300	0.450349466548394	0.461104764383301	0.914973371388167
"874"	87400	0.449826402721454	0.463802784775756	0.918285326081781
"875"	87500	0.44844374326393	0.463031939974812	0.916884774756947
"876"	87600	0.447546111485022	0.462557614062073	0.918510941881242
"877"	87700	0.448402783273222	0.462503216068653	0.920791615939316
"878"	87800	0.448854941006863	0.460700188719581	0.919299338985076
"879"	87900	0.448670094685577	0.459547294551	0.922305652090824
"880"	88000	0.447336399319046	0.45788506651951	0.921186506179715
"881"	88100	0.447332735057507	0.457486252697605	0.921271378489571
"882"	88200	0.445939695681851	0.458882735856802	0.920853451132777
"883"	88300	0.44617823014207	0.461432126114698	0.920397684065364
"884"	88400	0.450273127600003	0.465609142480167	0.92502585052773
"885"	88500	0.450642082102186	0.465102348157647	0.924539546904259
"886"	88600	0.451027644343185	0.465787551473548	0.92865787029365
"887"	88700	0.452963890690996	0.46545356899314	0.929714579242285
"888"	88800	0.455205023553289	0.465968941889851	0.934185636032693
"889"	88900	0.455780430734615	0.4670570607545	0.933283983803081
"890"	89000	0.455132082835321	0.468117338106566	0.935515415348381
"891"	89100	0.454429171341433	0.468478568795532	0.933620943180494
"892"	89200	0.45425376691299	0.468743287260997	0.930997239524351
"893"	89300	0.453108512655024	0.467884629434578	0.928125639566267
"894"	89400	0.454424179723307	0.467735936080662	0.931075762436834
"895"	89500	0.453765669852167	0.471723590640621	0.935113738082361
"896"	89600	0.453360074946857	0.472234984334845	0.938345737423986
"897"	89700	0.452380699800526	0.473165266575225	0.93819410549819
"898"	89800	0.453670070615693	0.473621571530923	0.938498140884907
"899"	89900	0.454203484603223	0.47324177596802	0.939230407722178
"900"	90000	0.455531021930706	0.473879513074224	0.940080102157881
"901"	90100	0.457130745729452	0.472856942563636	0.939046156712007
"902"	90200	0.460205596043337	0.472885018284251	0.941266802067874
"903"	90300	0.460558589272465	0.472353879513008	0.93992439333922
"904"	90400	0.461786974472266	0.472771770098967	0.942683477238065
"905"	90500	0.461659080180545	0.473000900971428	0.941032539870417
"906"	90600	0.461494300339778	0.470763256594836	0.937971841396831
"907"	90700	0.461818463915338	0.468194345220585	0.933549522137807
"908"	90800	0.462788508849015	0.468686645932249	0.931451525971585
"909"	90900	0.463891483121547	0.469257683335898	0.930307614992395
"910"	91000	0.462200351766085	0.47075673290079	0.928090075697157
"911"	91100	0.46382242271987	0.471404799041402	0.927756335400873
"912"	91200	0.462406287935718	0.471375484926149	0.92801879356329
"913"	91300	0.462502195868763	0.470707601837057	0.926857224039386
"914"	91400	0.463620502530352	0.468437693596329	0.924028645019435
"915"	91500	0.464047864284026	0.470248613671529	0.928206411590527
"916"	91600	0.464045146025324	0.471338474500762	0.927921113998961
"917"	91700	0.464725522035654	0.470210104429796	0.92753694711654
"918"	91800	0.467275256683051	0.47133364385746	0.930280690912347
"919"	91900	0.46597599393836	0.470498246484343	0.926064466006143
"920"	92000	0.467346291853163	0.46899568024578	0.926130033456677
"921"	92100	0.469350579817495	0.46757258052205	0.928155214832656
"922"	92200	0.46919748990795	0.46676772815892	0.927486118869672
"923"	92300	0.47077540897771	0.467660963023961	0.929429260964021
"924"	92400	0.474045724711637	0.468172066853061	0.930516685496294
"925"	92500	0.472745186833374	0.469246381473703	0.928259776482701
"926"	92600	0.474127789823595	0.46939331677196	0.929974547212361
"927"	92700	0.473967630233074	0.470202483641187	0.932422246135832
"928"	92800	0.472772186629319	0.468887327515049	0.931522038246439
"929"	92900	0.471028890414045	0.467739784828722	0.931301137997334
"930"	93000	0.470396173930026	0.467116226128763	0.929610914984044
"931"	93100	0.471636226842072	0.466840832060585	0.934365552962793
"932"	93200	0.47101006877682	0.467977343561955	0.937083095383662
"933"	93300	0.471926980271114	0.469170208666031	0.940544654229938
"934"	93400	0.473788996685734	0.469410957679656	0.94221265075278
"935"	93500	0.476599806172074	0.469892356069661	0.945903559079886
"936"	93600	0.476927690881049	0.469016506814945	0.94695427104804
"937"	93700	0.476121121105504	0.466404573087464	0.943978842772803
"938"	93800	0.477579171492318	0.465626793298711	0.942881515577655
"939"	93900	0.479775922722204	0.465244435698779	0.944956860396906
"940"	94000	0.47875493150048	0.46684733598756	0.943278801458151
"941"	94100	0.479636428724682	0.468104645052005	0.944051415792717
"942"	94200	0.479468287330912	0.468813281585402	0.947359131853932
"943"	94300	0.480049159367505	0.468600420017305	0.949866262315358
"944"	94400	0.479482722594116	0.46794805845835	0.94726384038786
"945"	94500	0.479466954653484	0.46787594158149	0.946118271853343
"946"	94600	0.479551145986546	0.468442300776143	0.945957774490822
"947"	94700	0.482914485182379	0.467851052804583	0.946198479924936
"948"	94800	0.484598290365712	0.469895013520548	0.952261390799766
"949"	94900	0.48796449875787	0.469774954104279	0.95390880000619
"950"	95000	0.487263672219327	0.470371963068545	0.952515713712145
"951"	95100	0.486368832509561	0.469942737278114	0.951714278837483
"952"	95200	0.485734286679939	0.471741860069767	0.953413261665844
"953"	95300	0.487647254591174	0.470266050864554	0.95515381190733
"954"	95400	0.4878946579313	0.471133147098194	0.956535308522465
"955"	95500	0.490489468076217	0.472437743690474	0.958007617051134
"956"	95600	0.490875813251379	0.471481453341901	0.955194212579227
"957"	95700	0.490573719389762	0.472187645133041	0.955250906812123
"958"	95800	0.490823352626128	0.472366250919905	0.956804823158007
"959"	95900	0.49158791535059	0.471656120477009	0.95489478538737
"960"	96000	0.493301663551472	0.473983987829152	0.96022292086191
"961"	96100	0.490112644408371	0.475941081210581	0.960912678838985
"962"	96200	0.493001115367021	0.474855610168459	0.962745539897316
"963"	96300	0.493601981854985	0.47513730010622	0.962570276174024
"964"	96400	0.494454083619041	0.474985546183631	0.967707498246418
"965"	96500	0.492845519501064	0.474421285360705	0.965124576065922
"966"	96600	0.494159053615206	0.475185092325594	0.966374918006592
"967"	96700	0.494072855007711	0.47911089552665	0.968998144186218
"968"	96800	0.492247633902018	0.479909750806255	0.965566265986737
"969"	96900	0.493809534005121	0.480083353487823	0.964797009327019
"970"	97000	0.495191926433099	0.481043527782539	0.966402409954627
"971"	97100	0.497171406861618	0.479132494560891	0.96659222273158
"972"	97200	0.498071167738042	0.478259056056642	0.966000071713018
"973"	97300	0.500711278244441	0.478950326577754	0.96944799754034
"974"	97400	0.499718861235376	0.478763798623139	0.969063526236221
"975"	97500	0.498348751256488	0.478340640784646	0.96662452982438
"976"	97600	0.498466068279445	0.479569563482525	0.965368199315464
"977"	97700	0.498018459148989	0.478197983416928	0.965386593807589
"978"	97800	0.49903286706114	0.47735171263373	0.963866977299686
"979"	97900	0.498927611443846	0.47979917813614	0.966033777802142
"980"	98000	0.500269363385	0.482417985342603	0.973820887180755
"981"	98100	0.500812294154205	0.482487801146966	0.973567318040421
"982"	98200	0.502409091360021	0.484004644449327	0.97446848532942
"983"	98300	0.502204172267304	0.48302662518199	0.975442418956919
"984"	98400	0.504092270687494	0.48210837190818	0.975929364392796
"985"	98500	0.506128558858383	0.48349978484831	0.979281578689165
"986"	98600	0.506390747264861	0.482456145980813	0.980940604315859
"987"	98700	0.506908064436285	0.484977141878945	0.986361380250635
"988"	98800	0.506120128637855	0.487611703912618	0.987182962990748
"989"	98900	0.507267088982206	0.488614942289966	0.988102063298397
"990"	99000	0.508422627455889	0.490219022859326	0.993110822177639
"991"	99100	0.508419124348302	0.493668669646061	0.997981000909204
"992"	99200	0.508109103895053	0.494299955290043	1.00169147819661
"993"	99300	0.509409905910946	0.493472117000582	1.0000929815802
"994"	99400	0.50820351229799	0.492519253679716	0.995152944675303
"995"	99500	0.508743208842504	0.492853431349064	0.996838247851617
"996"	99600	0.509006330305512	0.491815275953095	1.00098924301756
"997"	99700	0.509728320720807	0.491777506016948	0.99955318564288
"998"	99800	0.511671945461212	0.493456968092091	1.00401249406993
"999"	99900	0.511840203866303	0.493814071193046	1.00637322640161
"1000"	1e+05	0.510034796228741	0.494796347663995	1.0053301828786
