"X1"	"X2"	"X4"	"X5"	"X6"	"X7"	"X8"	"X9"	"X10"	"X11"	"X12"	"X13"	"X14"	"X15"	"X16"	"X17"
"1000"	-0.9	-0.9	4.11420557135502e-06	2.48112623725443e-06	5.68946103899846e-06	4.13592779034947e-06	0.000175206231313386	0.000175515728019109	0.000168652745854454	0.000183446871832592	-0.218767027061901	-0.32169823898031	0.992926047033545	0.989127026404317	1.00176647088064	1.0877194492339
"2000"	-0.9	-0.8	8.6830797869448e-06	1.4865678849187e-05	2.00458611402369e-05	2.12692975436269e-05	0.000192830661460046	0.00022647425017467	0.000225909122940433	0.000277814800328248	-0.0849538578673409	-0.255362736644925	0.96766675661911	0.962901592555189	1.17447219472197	1.2297635292998
"3000"	-0.9	-0.7	0.000101110300199273	5.74000741893638e-05	4.63436450519849e-05	6.59221945602149e-05	0.000250780875205603	0.000290153712908574	0.000249082124446407	0.000317050493609639	-0.416951760119775	-0.0983132490655362	0.896264531449105	0.889994339168055	1.15700095818986	1.27287533906455
"4000"	-0.9	-0.6	6.98052284813759e-05	5.3560658177997e-05	0.000163221001028796	8.77817283151954e-05	0.000104662305013247	0.000171636397503241	0.000262815487465742	0.000218306478260194	0.012825993074871	-0.340894025359784	0.830930238483573	0.821068878317164	1.63990653064174	0.830645409695083
"5000"	-0.9	-0.5	0.000127272277657324	0.000146578482353872	0.000161668087474343	0.000189889910325518	0.000242427417958046	0.000298262007323709	0.000347903387078843	0.000330480248536061	-0.365070396383595	-0.432758711380714	0.732822275225546	0.720322384794528	1.23031466422385	0.949919606448577
"6000"	-0.9	-0.4	0.000154039756904424	0.000136672611603921	0.000375597413191716	0.000404135502798512	0.000190759571215099	0.000253136866678239	0.000435425247924079	0.000363575409651919	-0.189800773334775	-0.489452341143591	0.699043222204233	0.496209140620612	1.3269943157547	0.83498926942177
"7000"	-0.9	-0.3	0.000204305284251393	0.000249436795688001	0.000601521867034549	0.000578723477728215	0.000246791564253934	0.00039796650416914	0.000824282809018146	0.000428150663933355	-0.165481770355891	-0.510291546475474	0.630712987257852	0.567030686785156	1.61256121282839	0.519422046959043
"8000"	-0.9	-0.2	0.000335272306534412	0.000428359244644478	0.000875538620470702	0.000679633819465162	0.000346540788636569	0.000292322941009616	0.00090220427306807	0.00051206722809171	-0.622955587704217	-0.584871816482157	0.330691268671882	0.540414849677908	0.843545552486712	0.56757349014803
"9000"	-0.9	-0.1	0.000480881535126055	0.000477825212447582	0.00112293114979707	0.00111674489677272	0.000482501269901129	0.000357750663866709	0.00110894211752264	0.000496863464988585	-0.632715980321104	-0.691362211194823	0.436164947081709	0.329427450988446	0.741450201654426	0.448051757740583
"10000"	-0.9	0	0.00054596224521324	0.000660448985280325	0.00151548451701995	0.00130272515247985	0.00054596224521324	0.000376781927765282	0.0013916582493616	0.000407104780488888	-0.690801295270513	-0.744938433026772	0.289157185957356	0.329507606504284	0.690124511481779	0.292532150530233
"11000"	-0.9	0.1	0.000738636337309995	0.000661365580554027	0.00123213958120619	0.00140685405836282	0.00072944786802143	0.000421677265730707	0.00147732652830158	0.000417902268186759	-0.683501972898276	-0.777696881626588	0.44153557120799	0.310776079219492	0.578077316031471	0.282877387077861
"12000"	-0.9	0.2	0.00101144622266401	0.000867753426508414	0.00192826272719289	0.00178897451077633	0.000997650164381771	0.000507246631939855	0.00167626926719107	0.000466680073973099	-0.710829602075336	-0.790392737275446	0.447825116172386	0.200106348119195	0.508441385617561	0.278404002929144
"13000"	-0.9	0.3	0.00126484824545154	0.00128230828854252	0.00127522407754092	0.00108342825968794	0.0012635864999761	0.000426162130665497	0.00113302557866626	0.000368128064560079	-0.816479271300118	-0.710369759164308	0.27761575933021	0.323401142487064	0.337263915587542	0.324907108446237
"14000"	-0.9	0.4	0.00182560379118115	0.00190690976599759	0.00296180496753442	0.00262640269805671	0.00192105919925566	0.000612174437216948	0.00305828189975509	0.000548851615220143	-0.808179332388903	-0.821254313019694	0.288775935033637	0.378489290879635	0.3186650559515	0.179464036740398
"15000"	-0.9	0.5	0.00177480158140834	0.00202902707757371	0.00263154048863364	0.00247234517141588	0.00192013837422892	0.000414763971353349	0.00261520297094252	0.000421629621004774	-0.879873854734767	-0.832310238800251	0.171375048839009	0.268785610573398	0.216007334117213	0.16122252295118
"16000"	-0.9	0.6	0.00147694108161741	0.00160031872558803	0.00258251343349185	0.00272695266161509	0.00161158697113026	0.000494658353728588	0.00223583962070435	0.000578656738673563	-0.820239827249245	-0.774087709212019	0.283320480582587	0.0384825692646947	0.306938665172794	0.258809591401404
"17000"	-0.9	0.7	0.00267949550509581	0.00274637853484719	0.00270029687463058	0.00240154570103573	0.00245430925602016	0.000461848932075714	0.00260530664352682	0.000513472137977165	-0.861699382942779	-0.836867245178105	0.0797335373967106	0.310057650263676	0.188178784292504	0.197087025918022
"18000"	-0.9	0.8	0.0031470891581844	0.00311224411949995	0.00264309231260586	0.0024256793538436	0.00332423437955078	0.000565045276598745	0.00245050084926228	0.000527803113778036	-0.856975313811198	-0.804648368207598	0.283480664865726	0.242961143226592	0.169977568391283	0.215385811409504
"19000"	-0.9	0.9	0.00365019269373663	0.00328981437931799	0.00233714099772504	0.00208778153515989	0.00342530386943737	0.000433750786675557	0.00224530797716791	0.000529617604484709	-0.87772535945292	-0.800841624686563	0.233504865966427	0.315063886820237	0.126631330593978	0.235877487574215
"20000"	-0.8	-0.8	4.41033062964285e-05	4.87981012298816e-05	4.07106436854215e-05	2.73110053174249e-05	0.000264233139444069	0.000229704224801742	0.000215528303873356	0.000256256069897465	-0.430800952903699	-0.0829592997392896	0.903415989598577	0.945641476770341	0.869324057099824	1.18896713467407
"21000"	-0.8	-0.7	0.000117425491472561	7.33487721001679e-05	8.7140227141916e-05	9.32387322062957e-05	0.000291261402448964	0.000275344704600624	0.000202150822560509	0.000261892429744212	-0.436917740910048	-0.434114928877818	0.870890842613622	0.805778722212959	0.945352533104249	1.29552987431362
"22000"	-0.8	-0.6	8.95564021720886e-05	0.000138435730571571	0.000137986267665915	0.00011984360738027	0.000154726856658076	0.000199689060657929	0.000214473054130526	0.000260775886376757	-0.563718691549166	-0.48239677384758	0.614361409745282	0.751404620927493	1.29059081901478	1.21589114042294
"23000"	-0.8	-0.5	0.000211915911230835	0.00016961683701211	0.000366712103822556	0.000343845409955312	0.000289892771660051	0.000319421212308692	0.000446200186601847	0.000357005269729079	-0.404273385062374	-0.616475765972018	0.722475429530226	0.575467810930101	1.10185987211598	0.800101121534585
"24000"	-0.8	-0.4	0.000230694398704292	0.000179602632497062	0.000302225162349813	0.000348154614645485	0.000256790950930884	0.000332253792705337	0.000448606783482606	0.000300127072093579	-0.305924002880444	-0.503502010725527	0.700870338827911	0.545849528724678	1.29386877341625	0.669020360690144
"25000"	-0.8	-0.3	0.00043721452507635	0.000366756432621892	0.000556908406807698	0.000686618810811777	0.000404420806480858	0.000345941632266934	0.00064236315388465	0.000503987220706867	-0.594120734827372	-0.555111546676019	0.512787278077062	0.403993384389615	0.855400183974729	0.78458301610084
"26000"	-0.8	-0.2	0.000413741345963908	0.000460676144399844	0.000530545810528844	0.000633719552654665	0.000393013345441034	0.000420660994492853	0.000672248190730282	0.000438348407114014	-0.529553917708297	-0.484043934974359	0.434082940800671	0.439240001959903	1.07034786317699	0.652063349754536
"27000"	-0.8	-0.1	0.000696231349585079	0.000604005500938776	0.00106174906157237	0.00104450423224482	0.000709661348272744	0.000432688666569739	0.00112277721621555	0.000495005921497368	-0.666375215400297	-0.639853294286484	0.485754642596737	0.384489047694218	0.609711473821798	0.44087635048905
"28000"	-0.8	0	0.000592959136404466	0.000632317254392945	0.00130276546405437	0.00168075135340252	0.000592959136404466	0.000400402335415412	0.00142583349912743	0.000515164520675842	-0.673562266115916	-0.746713834831323	0.370484219651672	0.151826576636204	0.675261263100417	0.36130762882981
"29000"	-0.8	0.1	0.000662662693537055	0.000722646505493082	0.00150059205637037	0.00183990495305301	0.000655278925232346	0.000403464702794492	0.00151987965351532	0.000556125020203155	-0.708318300935657	-0.750436158632991	0.326827750786304	0.128402848934433	0.615714449616144	0.365900694121995
"30000"	-0.8	0.2	0.00107408373926705	0.00109310197207801	0.00145595136995861	0.00131615856807717	0.00109267564131419	0.000423611760768778	0.00134068617576017	0.000444130222052228	-0.799572808241183	-0.732894421458635	0.311007652988389	0.303673679941552	0.387682990955385	0.331270829879637
"31000"	-0.8	0.3	0.000995846674469696	0.000763117569819067	0.00190479802301087	0.00181182615375725	0.000925808607263055	0.000517066346895606	0.0020359659324512	0.000577264061554467	-0.670177060592893	-0.771302748931679	0.491236009774662	0.36961442301624	0.55850241922485	0.283533261708103
"32000"	-0.8	0.4	0.00146753607588284	0.00128306451000022	0.00213813267100536	0.00198451806499149	0.00145467024034004	0.00050382220027635	0.00209740435557424	0.000534765379675251	-0.816403985832661	-0.75411169393626	0.394482818963241	0.305765702723678	0.346348049409864	0.254965323331199
"33000"	-0.8	0.5	0.00146633587149049	0.00140731408881386	0.00201198291371952	0.00204942418843905	0.00133877593833961	0.000515214809903477	0.00212420589270602	0.000305434459652441	-0.775886533720485	-0.864492815470395	0.268915072957886	0.236016985381346	0.384840207497651	0.143787596438379
"34000"	-0.8	0.6	0.0021891715761119	0.00191090849557012	0.00169853902519138	0.00199873083293343	0.00209427468504437	0.000513581830054937	0.00187032976306724	0.000480655005166401	-0.841984676254229	-0.772545584563415	0.336007325528047	0.185759071220415	0.245231360395332	0.256989443603867
"35000"	-0.8	0.7	0.00299706230104418	0.00285463311609588	0.00303114740398885	0.00291735603387136	0.00294806514327248	0.000396757993910234	0.00288908336064304	0.00051282051872557	-0.895008392599407	-0.865092012945884	0.226622533045149	0.199041638386281	0.134582505687041	0.177502845958529
"36000"	-0.8	0.8	0.00294213107902181	0.00282292617020168	0.00219145425027103	0.00245626452218598	0.00316325316170467	0.000395351647453408	0.00251389152362813	0.000531721660714719	-0.886510495347244	-0.815204137067309	0.328926905011762	0.254874779628153	0.124982613544707	0.211513367111132
"37000"	-0.8	0.9	0.00262793112280401	0.00221599867285257	0.0024532599375155	0.00189629179964859	0.00263355585785626	0.000582856933467183	0.00206487130882988	0.000539387666210625	-0.804515689888051	-0.784684917505814	0.403736083569707	0.335417815321513	0.221319373852824	0.261220960310735
"38000"	-0.7	-0.7	0.000107425630487569	6.53033017006496e-05	0.000118563833367782	8.63430860176864e-05	0.00026194251002712	0.000304670234573428	0.000217774006980832	0.000241867116680945	-0.0288059812571037	-0.341143240415504	0.887274262070387	0.813269109085505	1.1631187108266	1.11063354178092
"39000"	-0.7	-0.6	0.000201333977964069	0.000223233486616032	0.000228197281231518	0.000176089129164539	0.000312908510741817	0.000391501111850464	0.000399863392795306	0.000380278081547039	-0.456820842869765	-0.447196447491957	0.687383173691929	0.774529758601461	1.25116798812	0.951019994325179
"40000"	-0.7	-0.5	0.000191675756775671	0.000181339343351245	0.000267387763370707	0.000323227589583168	0.000297857769248609	0.000291520949902492	0.000357611697451228	0.000380689430611229	-0.26689037304115	-0.383612297462517	0.692361208573571	0.562475724806855	0.978725351492084	1.0645329370501
"41000"	-0.7	-0.4	0.000288653001857598	0.000362591323833844	0.000398813011090173	0.000460908346203349	0.000315391127915961	0.0003206927758658	0.000379011603738188	0.000459006017341564	-0.487670830820969	-0.403307183497249	0.429977992662078	0.45206592779976	1.0168097561427	1.21106059237868
"42000"	-0.7	-0.3	0.000459314320649662	0.00046036916995193	0.000653498371858662	0.000623535152803307	0.000464150430972074	0.000298967465817748	0.000585473648510836	0.000541965699230159	-0.670815613185332	-0.543260069171876	0.406360031845584	0.447278889740058	0.644117609007963	0.925687604572228
"43000"	-0.7	-0.2	0.000388463427971488	0.00053484845382336	0.000719042221338451	0.000760624172154691	0.000406037428399415	0.000295311497918359	0.00086056600848901	0.000490272382391018	-0.705460648876198	-0.653279845809095	0.24041538826153	0.454327330880611	0.727301172905332	0.569709211791717
"44000"	-0.7	-0.1	0.000598915007729546	0.00052981142156077	0.000879319007428323	0.000779335392480511	0.000604458944701323	0.00046593361431947	0.000771435354588756	0.000428204580836835	-0.573854149711906	-0.554548758451483	0.509313826346176	0.365644179723495	0.770827561414776	0.555075131428357
"45000"	-0.7	0	0.000560386381466433	0.000578925267646207	0.00140857690872092	0.00125113862215399	0.000560386381466433	0.000487608393149773	0.00128463983527147	0.000394829014017256	-0.572090658434248	-0.744891669341995	0.448670828143326	0.300713901831121	0.870128913329027	0.307346077224689
"46000"	-0.7	0.1	0.000796253821865347	0.00080390691939793	0.00106012644582877	0.00110323267475044	0.000818173600363768	0.000412533656452687	0.000955781235241984	0.000603089072891272	-0.748614240903903	-0.575180984924812	0.367318104275011	0.3000679504906	0.504212866645013	0.630990702321733
"47000"	-0.7	0.2	0.00107986625995879	0.00104572035911046	0.00166095877223641	0.00150780295418163	0.00106799575869766	0.000556532776607293	0.00150050954921074	0.000456592597518894	-0.725721069689218	-0.780045579631254	0.37538293378011	0.271407489286048	0.521100174860193	0.304291697283139
"48000"	-0.7	0.3	0.00131076215366073	0.00112929118443695	0.00214606672220007	0.00221802024900171	0.00128549883482788	0.000542381272665886	0.00208315496790546	0.000447294765863112	-0.762420411998668	-0.837908387216133	0.41831507226173	0.161831969481916	0.421922803795077	0.214719870943088
"49000"	-0.7	0.4	0.00132087208188256	0.00126278155176115	0.00217282487559825	0.00175154167649882	0.00145755330226544	0.000617958373965035	0.00201203732538088	0.000420019508565217	-0.755657968146029	-0.796615381710907	0.428178176325098	0.370130658156342	0.423969657236243	0.208753338353555
"50000"	-0.7	0.5	0.00159759616295358	0.00122716016145992	0.00225601443245246	0.00207276818288031	0.00165562667015321	0.000601871488258804	0.00206428928501197	0.000521187854777002	-0.752613804258609	-0.807341609142716	0.516079523987918	0.24714878871637	0.36353092101561	0.252478108839275
"51000"	-0.7	0.6	0.00246257107786143	0.0021283462301252	0.00238251985462034	0.00205010730263006	0.00226287419814244	0.000459239076628074	0.00212274274495741	0.000542140951333106	-0.864035928225186	-0.824066597318151	0.291230242064339	0.286538113950253	0.202945032032738	0.255396445292754
"52000"	-0.7	0.7	0.0020619852749751	0.001891451892547	0.00201719612077072	0.00215295387791341	0.00194749743915185	0.000405254981493468	0.00192758417356998	0.000597320762324213	-0.82699359396372	-0.806951515890167	0.259627880224086	0.173318659502547	0.208090122916906	0.309880507691628
"53000"	-0.7	0.8	0.00286254157542337	0.00308938311630578	0.00182684087178067	0.00215630667748265	0.00313811864294176	0.000615951373376514	0.00198254694859309	0.000521119786537714	-0.826734372287655	-0.81494208005624	0.239044761280973	0.170871393233654	0.19628046083022	0.262853692775108
"54000"	-0.7	0.9	0.00319224048399296	0.00353756634932566	0.00288104369841463	0.00269972441827997	0.00351460474158642	0.00051067752866715	0.00269974753598002	0.000580753035989306	-0.878134782799059	-0.830189419327259	0.182022601834392	0.231911059168039	0.145301553436317	0.2151138312933
"55000"	-0.6	-0.6	0.000242304131095363	0.00023747207906911	0.000330763073774712	0.000256833860902421	0.000369584540342938	0.00033725736771651	0.000447969882652105	0.000442702767253599	-0.372069532192874	-0.375409761852085	0.664733479771124	0.711653010098064	0.912531047439292	0.988242255556728
"56000"	-0.6	-0.5	0.000405445676919455	0.000382828330030809	0.000353458154148129	0.000455612845123207	0.000448684500593564	0.000315654268365637	0.000414947931889345	0.000310811317126581	-0.610571554224262	-0.608080911393764	0.506874056416603	0.376117881253238	0.703510524540201	0.749036910996019
"57000"	-0.6	-0.4	0.000512178089359718	0.000429308580320936	0.000594063098576552	0.000508480754148847	0.000584019872200481	0.000463885130200439	0.000564220417762857	0.000565868435545768	-0.504169278626605	-0.453342937157311	0.594235194353622	0.55005299655534	0.794296824956665	1.00292087583332
"58000"	-0.6	-0.3	0.000540603332554954	0.000611704246985566	0.000914336035356135	0.000676548178544206	0.000529330619489806	0.000459021745513151	0.00101591290821769	0.00051577470378458	-0.572288687308215	-0.59282511252984	0.382054806391937	0.590675121972581	0.867173990341949	0.507695787318476
"59000"	-0.6	-0.2	0.000598271617229322	0.000610686784921152	0.00089147193312223	0.000931124464600871	0.000613954294292615	0.000453841970856035	0.000989612015126067	0.000489343876328538	-0.609659740948552	-0.644444703196233	0.43298204152925	0.39362020931468	0.73921133067233	0.494480532621868
"60000"	-0.6	-0.1	0.000833966188393791	0.000966367255956518	0.0010636597006477	0.00116756361253432	0.000825131543504225	0.000509556031606793	0.00124083035445188	0.000450341296967229	-0.726846337268471	-0.767197355663938	0.284012931381151	0.350226672773929	0.617545209146624	0.362935428966163
"61000"	-0.6	0	0.000729192287453072	0.000725722159129901	0.00126418951339342	0.00130634667098464	0.000729192287453072	0.000522968572201181	0.00124505602368176	0.000440582948416467	-0.64055211451176	-0.752122894588406	0.426244692334377	0.256056463186544	0.717188841955268	0.35386596268465
"62000"	-0.6	0.1	0.00101449565527593	0.000929990646305418	0.000994120735227394	0.00111319396996323	0.00101923415445972	0.000489829427203796	0.0011077735135493	0.000459097542827881	-0.739542514119764	-0.737776799893811	0.409773483122661	0.31808184132193	0.480585766342813	0.414432677088418
"63000"	-0.6	0.2	0.00129166357546679	0.00108224473268802	0.00196347126822762	0.00175631128917952	0.00129715456210323	0.000515223396646844	0.00188508657241585	0.000615878760814043	-0.773072830082974	-0.790634853614846	0.446558607294921	0.345550314947701	0.39719506965419	0.326711128192249
"64000"	-0.6	0.3	0.00168993893596721	0.00175991482855493	0.00125246502091246	0.0014853800931228	0.00175317134143056	0.00043303764469228	0.00134881707505482	0.000515141385229556	-0.869102560953971	-0.737703942053602	0.244626993379902	0.227083745991916	0.247002466021906	0.381920865888074
"65000"	-0.6	0.4	0.00128714748546073	0.00133587140153068	0.00139640677196524	0.00127793885205626	0.0013133554958286	0.0004877504721101	0.00156530181234707	0.000425427667918521	-0.771411582784552	-0.800798888809795	0.29063772279748	0.436737089665295	0.371377341214366	0.27178635108115
"66000"	-0.6	0.5	0.00188644919718679	0.00195402715772507	0.00224262854947484	0.00203665239351311	0.00195844250277569	0.000402011734015883	0.00205477992481745	0.00049805043539466	-0.879923850079486	-0.832573065037044	0.229022347914717	0.255123314087184	0.205271144517194	0.242386266956987
"67000"	-0.6	0.6	0.00252075515515092	0.00219198198920488	0.00202176928855432	0.00216242211341053	0.0022915817994714	0.000522904425283849	0.00193342507130009	0.000553206348891341	-0.844789296926897	-0.827831507980493	0.28433706376528	0.156743027571653	0.228184926850295	0.286127637994965
"68000"	-0.6	0.7	0.00228021182303766	0.00231461503160727	0.00160136392297049	0.00139604028617856	0.00236181724971015	0.000555972121510228	0.00140561059833432	0.000521561840573918	-0.830169940746652	-0.752096900568541	0.263186257906035	0.310160994780602	0.235400144350059	0.371057134310156
"69000"	-0.6	0.8	0.00192578603688298	0.00182313954511566	0.00175009833498662	0.00205388084194154	0.00187907432699267	0.000479329776466082	0.00175507533656757	0.000499362086460467	-0.780392550903407	-0.831039093964191	0.282000130145193	0.107115238045258	0.255088247218627	0.284524587666463
"70000"	-0.6	0.9	0.00217830300871747	0.00243814207790532	0.00161802598523002	0.00169648319533951	0.00208931371887804	0.000441709987955671	0.00160368355221232	0.000464409336224334	-0.809455988473857	-0.825754242392821	0.0483425316079387	0.215301586233804	0.21141391259943	0.289589137198339
"71000"	-0.5	-0.5	0.000398804732027982	0.000356735969824353	0.00046247229904719	0.000436224470947428	0.00044774625347316	0.000311213488781912	0.000505387419466377	0.000368350183655873	-0.561478330554323	-0.583165266728994	0.53875653721781	0.507012233809948	0.695066650737633	0.728847156592862
"72000"	-0.5	-0.4	0.000640185223904278	0.000592570941196606	0.000778072687347752	0.000648072091165402	0.000605603052303381	0.000410278680956808	0.000810144914675754	0.000473671963992933	-0.637452489803685	-0.632363366109349	0.424615498641263	0.513136156825435	0.67747128980994	0.584675599898707
"73000"	-0.5	-0.3	0.000762177880441316	0.00073948879112615	0.000664490984089177	0.000679955534708537	0.000720393215091586	0.000458059875756252	0.00073220568722381	0.000372060969130205	-0.711923740777122	-0.711059776141738	0.382079092092705	0.406472168259138	0.635847015435893	0.508137229227064
"74000"	-0.5	-0.2	0.00065577715169416	0.000672319035793697	0.000958485232891012	0.000801785564298509	0.000650602896230541	0.0004416750993921	0.000896976570501414	0.000429899019826873	-0.661197338020951	-0.70841650363695	0.391712474066917	0.422795149574402	0.678870478368716	0.479275639927314
"75000"	-0.5	-0.1	0.000806599852499471	0.000967887905000769	0.0010672652355737	0.0011300124742945	0.000812375424064465	0.000398604994303229	0.0011266200134301	0.000501217519810385	-0.777145198715566	-0.732426430671292	0.213595368754035	0.33124162435947	0.490665993204145	0.444886043062898
"76000"	-0.5	0	0.000665273207492861	0.000709764690383515	0.00167676794248808	0.00134765355799689	0.000665273207492861	0.000381775508528708	0.00161598170859388	0.000500433290052964	-0.722731166697794	-0.803959619744599	0.334627576550516	0.427435195711676	0.573862744251286	0.309677570848501
"77000"	-0.5	0.1	0.000825385897525465	0.000792164047929677	0.00173762169368201	0.0018052845463691	0.000811209108385009	0.000466745626518564	0.00177537666380318	0.000550546593858042	-0.706566333324559	-0.815536176160356	0.394741376580826	0.263308068336067	0.57537029810696	0.310101290099574
"78000"	-0.5	0.2	0.00104070425181499	0.00134828545934509	0.00187215904699092	0.00197871307561209	0.00107718817552597	0.000453733600894009	0.00198797684906374	0.000488734919440186	-0.816805390408825	-0.831356865756436	0.130620362769473	0.252613095673725	0.421220369108173	0.245845377762
"79000"	-0.5	0.3	0.0007321384027941	0.00117073918671658	0.00135289568491427	0.00135164803307846	0.000724145208314252	0.000476320493605899	0.00145557580669436	0.000403929353623374	-0.72399086658494	-0.837204280412551	0.0253076337341791	0.33116271502783	0.657769309438272	0.277504855305821
"80000"	-0.5	0.4	0.0015297156096569	0.00141364640190134	0.00127060583901352	0.00119535378605388	0.001582159054658	0.00043650778808523	0.0013040016659563	0.000450135811958126	-0.836450166853571	-0.7607729622057	0.364014751174894	0.364672379590106	0.275893745827967	0.345195733801471
"81000"	-0.5	0.5	0.00187332536216263	0.00188996962495344	0.00153645890023591	0.00167173994749998	0.00199710355450003	0.000496496297210427	0.00160368724604571	0.000575724555514993	-0.812883930495744	-0.802448840395509	0.30309773011473	0.264171447797159	0.248608188639834	0.359000520166626
"82000"	-0.5	0.6	0.00184862173293343	0.00200496053568045	0.001312153698332	0.0013440955844661	0.00199367721904616	0.000712527655923523	0.00132121302440627	0.000458450600590347	-0.784213652729196	-0.746742415006569	0.294178606767853	0.279829382697424	0.357393688966573	0.346992189844908
"83000"	-0.5	0.7	0.00150527767454702	0.00162954762305951	0.00194655257253885	0.00184048339176359	0.0016704516038006	0.000439518611144898	0.00189818475250062	0.000569439069442628	-0.783341995383738	-0.813879720652814	0.280341790307051	0.301607358555334	0.263113645522508	0.299991383184626
"84000"	-0.5	0.8	0.00276020957183218	0.00230917218004067	0.00140651976514334	0.00156005185671755	0.00268084653312472	0.000432557030367137	0.00144077658555594	0.000491824924584	-0.87321567996396	-0.780464362562055	0.373416373371575	0.221284288767686	0.161350910998609	0.341360992061253
"85000"	-0.5	0.9	0.00236190497899313	0.00262308401327403	0.00146212212185811	0.00167360704841282	0.00269748412931977	0.000413913808297844	0.00159545266498562	0.000527364324219193	-0.833108557230241	-0.800036211362171	0.231065287026081	0.24486235805292	0.153444390570788	0.330542131266517
"86000"	-0.4	-0.4	0.000559834090569766	0.000745344166690115	0.000514190810949068	0.000661331191830546	0.000640503548314099	0.000482531303138276	0.000508334386709527	0.000443617309728718	-0.557591847631215	-0.534521166730781	0.339689999776759	0.305997071749974	0.753362419940327	0.872687981232736
"87000"	-0.4	-0.3	0.00111288780451497	0.0010388824277785	0.00094143401337409	0.000747352254235793	0.00109364017703451	0.000530047726434874	0.000863043387778115	0.000536201916146173	-0.734012133025313	-0.64048700958935	0.384049070604051	0.479143785239951	0.484663729044903	0.621291957900995
"88000"	-0.4	-0.2	0.000553644410688881	0.000669629801454675	0.00112618794784968	0.000962112677989093	0.000558613159050721	0.000346268220483676	0.00124834741155147	0.000430503319529639	-0.717977368589444	-0.783668071439576	0.267448798494938	0.488848719781475	0.619871220133996	0.34485858307232
"89000"	-0.4	-0.1	0.00100771673547378	0.000952983645664786	0.000911033173933565	0.00113730463906392	0.00103927768197132	0.000520388783550623	0.000961126279893144	0.000498220558733502	-0.743456691872852	-0.763359420657015	0.412479089360194	0.232692154211252	0.500721599797602	0.518371590868261
"90000"	-0.4	0	0.00118523806793142	0.00108506919601884	0.00123326887638674	0.00135832287576397	0.00118523806793142	0.00037249487561355	0.00130035755913188	0.00043376607645584	-0.836742384562333	-0.814073315258141	0.355679922790202	0.25018915067916	0.314278528248472	0.33357446450761
"91000"	-0.4	0.1	0.000918917797170027	0.000919900965544327	0.000888483361900356	0.000871681240040715	0.000885550122890379	0.000509876353855515	0.000962125894257798	0.00034382788018631	-0.714523303136423	-0.784768246008797	0.35383828049622	0.377525134641684	0.575773567950407	0.357362671806631
"92000"	-0.4	0.2	0.00113565669865339	0.00139865255144169	0.00126694133992861	0.00135415312467992	0.0011269135907676	0.000438877887023272	0.00127159116641444	0.000482039798784516	-0.831506197707624	-0.774647907108964	0.118831192234513	0.255121757755075	0.389451232657803	0.379083947353728
"93000"	-0.4	0.3	0.00155405226910109	0.00146651552369631	0.00155911073914867	0.00139056550070415	0.00155545408782942	0.000423298659786905	0.00147941725867953	0.000435529667964861	-0.851515267057366	-0.824898594408608	0.315637863069637	0.326635280591095	0.272138318384956	0.294392718085225
"94000"	-0.4	0.4	0.00170438767026214	0.00175646601645385	0.00177988797607002	0.00198369230903148	0.00168629060436718	0.000537633948516505	0.00179145866528822	0.000538409402466968	-0.840960657333965	-0.815876546376606	0.245472896491218	0.176240997936102	0.318826391562719	0.300542464584493
"95000"	-0.4	0.5	0.00162658532472786	0.0013443421959373	0.00155746884981721	0.00154794875646896	0.00167180307847949	0.000515417930695498	0.00154524330863307	0.000533361620742391	-0.811094076586705	-0.781953946888205	0.454007283322508	0.292263047292734	0.308300623040049	0.345163520697724
"96000"	-0.4	0.6	0.00175827895656362	0.0015381452543338	0.00115397021515886	0.00119587777833729	0.00182989236954784	0.000412283883158132	0.00120297493618713	0.000457564049441741	-0.851109501963779	-0.754648233692697	0.405275951223769	0.313149832623122	0.225304990620846	0.380360417892004
"97000"	-0.4	0.7	0.00182331889085493	0.0015981558509391	0.00113658991197737	0.00118599023608106	0.00174279588496786	0.00048595427669393	0.00111934160994889	0.000430287395161451	-0.799432830506671	-0.78029779740502	0.342609250926987	0.261986882524639	0.278836024852613	0.384411149676728
"98000"	-0.4	0.8	0.00162089084095228	0.00164745949480274	0.00155712255301954	0.00136507029894169	0.0017600246702702	0.00043167150591791	0.00151455680681581	0.000499341211414484	-0.778114131963172	-0.802778463426844	0.31219198220646	0.373042154800142	0.245264463168939	0.329694607140087
"99000"	-0.4	0.9	0.00147533009455266	0.00178739020350954	0.000896720927665004	0.00114459179870912	0.00164837654146737	0.000368408818524117	0.000920760024967839	0.00046919868527719	-0.740409881514455	-0.770835616475719	0.147184144158287	0.186652744245837	0.223497974677657	0.509577601713952
"100000"	-0.3	-0.3	0.000674619233626854	0.00106127011596574	0.00113680727201506	0.0011176509836827	0.000732578475416767	0.000429455832858172	0.00113805848958801	0.000597479444777257	-0.744138400828958	-0.720801507424747	0.0898234853268415	0.374658208281273	0.586225021986693	0.524998890868561
"101000"	-0.3	-0.2	0.000934664782374545	0.00114125156478506	0.00114403692471447	0.00109969064983068	0.000889974049175039	0.000538783136922745	0.00107182516409898	0.000464933620726807	-0.732504794197267	-0.767669642546381	0.20759681009389	0.309572018150311	0.605391963307435	0.433777481906434
"102000"	-0.3	-0.1	0.00108396010867796	0.00114534951405246	0.00115820544158895	0.00138924328943753	0.00110655262090819	0.000471718830806947	0.0012072759342035	0.000425627399062233	-0.79213283169984	-0.83371050798943	0.299606999757722	0.169955906386754	0.426295886787373	0.352551878989488
"103000"	-0.3	0	0.00138379520378966	0.001223173383829	0.0011933602107534	0.00151138192980254	0.00138379520378966	0.000498463485227027	0.00124539747023355	0.00039075861555644	-0.810335264254664	-0.853761825596942	0.39678847364137	0.0894306473533007	0.360214780237665	0.31376217223499
"104000"	-0.3	0.1	0.00122936702282415	0.0013628829611629	0.00149958048597251	0.00151740226114751	0.00125621936604626	0.000474107423450849	0.00153930583717422	0.00042072360839583	-0.81011174203967	-0.863036586892058	0.238061870578243	0.275009178002273	0.37740814722752	0.273320348845148
"105000"	-0.3	0.2	0.00117211940486307	0.00135797176986314	0.00143404498339688	0.00183308557045862	0.00121001599928852	0.000551166367764895	0.00144226110244474	0.000487074738502624	-0.791783032215937	-0.824261113623453	0.246868132191411	0.0574185491516625	0.455503371929772	0.337716061035686
"106000"	-0.3	0.3	0.00130841349246197	0.00139863583965459	0.00122568811145783	0.0013643168004624	0.00133182535580186	0.00045873464009254	0.00125925511702768	0.000551026054402644	-0.809622945602177	-0.775605868286515	0.250707674763398	0.267686974052852	0.344440536511897	0.437580953177522
"107000"	-0.3	0.4	0.00157831388145278	0.00146610456369693	0.00122441139076627	0.00134990089523158	0.00154602600462376	0.000589682724250471	0.00128692443062763	0.000395140600384077	-0.760842158289161	-0.849264967372463	0.350647342020408	0.2329004851317	0.381418373615247	0.307042582283847
"108000"	-0.3	0.5	0.00175530708022023	0.00173537992680629	0.00134474836965301	0.00132981329861905	0.0016015442543586	0.000462080725627423	0.00142102097851819	0.000542306236281757	-0.821423020401209	-0.787474260566834	0.190783053518887	0.360830815279946	0.288521983935113	0.381631407614589
"109000"	-0.3	0.6	0.00153235107406593	0.0013870246371079	0.00121965106339611	0.000937683500345552	0.00165927499841798	0.000411428181954725	0.00113834091422338	0.000509353242469351	-0.83483720404877	-0.727572200489474	0.413728797997233	0.466218133084897	0.247956596915519	0.447452284377261
"110000"	-0.3	0.7	0.00193051758574155	0.00226945072322379	0.00114895116262026	0.00117683841325826	0.00220130073970294	0.000554047558966047	0.00123965320903734	0.00047146815114463	-0.818549136740871	-0.773734539226991	0.219989282715999	0.349433897604447	0.251690988411158	0.380322615798939
"111000"	-0.3	0.8	0.00202950996557874	0.00180864914142571	0.0011713705148307	0.00109599465247804	0.00175622508902249	0.000426687835840352	0.00119730104660877	0.000372363536777775	-0.823279649727287	-0.822352720317044	0.216173566798726	0.354699491647695	0.242957374033327	0.311002431537544
"112000"	-0.3	0.9	0.00226771587107607	0.00232474425592216	0.000802894698863151	0.00104088773860146	0.00250167781621478	0.000396460903434716	0.000787799341875469	0.000479524331950653	-0.832419820732809	-0.72391991462766	0.287877437272851	0.18420534307946	0.158478002588915	0.608688413992677
"113000"	-0.2	-0.2	0.00104186063920773	0.000804964067816297	0.0012320571746113	0.00106420357081464	0.00102793087255514	0.000435903381950282	0.00127140473741794	0.000521153585481759	-0.768066437699095	-0.774790690235385	0.492144670875551	0.447391969833331	0.424059042868081	0.409903762463678
"114000"	-0.2	-0.1	0.00101484956949069	0.00107020981427239	0.00113418998595817	0.00120322958085374	0.00103747914069961	0.000337479309290365	0.00109612723147305	0.000531396028948412	-0.84192045455326	-0.77797590152705	0.257512616612538	0.277969362336692	0.325287801991653	0.484794113028545
"115000"	-0.2	0	0.000729261911925801	0.000988027477737522	0.00141341629870379	0.00115822048440905	0.000729261911925801	0.000535693542384933	0.00145446622557436	0.000448410410879498	-0.696005518493745	-0.839152974834214	0.221532202516325	0.461037362561667	0.734569478570873	0.308298950498093
"116000"	-0.2	0.1	0.00136978459564469	0.00147483221531862	0.00140414957958298	0.00150073727392142	0.00136844787454398	0.000383631058948958	0.00143864373901154	0.000453576696201534	-0.86116854472552	-0.844843468053561	0.191322218596895	0.242315443723975	0.280340279001711	0.315280763334205
"117000"	-0.2	0.2	0.00142288241984347	0.00144481139329289	0.00117802701981793	0.00149201256930571	0.00146322419240206	0.000597410935821167	0.00121336243319314	0.000465443233590623	-0.787235822646285	-0.820240845467398	0.329332360570207	0.124280272051141	0.40828393825313	0.383597860670321
"118000"	-0.2	0.3	0.00193006199907539	0.00162592338961015	0.00136491162058717	0.00135940399786547	0.00194271980884158	0.000599342083128582	0.00133387416913041	0.000579451100799288	-0.82777034373346	-0.77159002383962	0.424510727189869	0.315030222954432	0.308506703025777	0.434412116382049
"119000"	-0.2	0.4	0.00136408178482077	0.00139932107551772	0.00180771819208838	0.0017035244172777	0.00141836509645098	0.000517505306279461	0.00177390059549932	0.000396652579619778	-0.792956997555996	-0.880294295836504	0.31313256653013	0.278383728127973	0.364860435140683	0.223604738972495
"120000"	-0.2	0.5	0.0016644325227172	0.0018165019079082	0.00159592258163919	0.0015007320146718	0.00166165491306412	0.000524520150463002	0.00158391220912076	0.000384608304168227	-0.829985551042503	-0.866060738673639	0.197986880332411	0.299670962236989	0.315661300273098	0.242821730872146
"121000"	-0.2	0.6	0.00172185388084263	0.00187424081198384	0.000823987318394991	0.000959433666464629	0.00175771527173756	0.000487483521642494	0.000824543996234739	0.000333057514139392	-0.832254179438764	-0.804363421390533	0.200373595398282	0.189076107765814	0.277339299191842	0.403929342352005
"122000"	-0.2	0.7	0.0012639303859028	0.0016045070079895	0.00114528172210936	0.0010577766069342	0.00144304398613327	0.000544288058321993	0.00111964025790938	0.000428456185716803	-0.761779620609228	-0.789065948065709	0.215981299202641	0.353962298523383	0.37718050423428	0.382673079759411
"123000"	-0.2	0.8	0.00281509268283382	0.00259646420363239	0.00100593047312382	0.00083153225768252	0.00250998012583224	0.000553695678054132	0.00100441536267132	0.000624839594332576	-0.806115745614698	-0.664384867689045	0.198158594574068	0.503478593450224	0.220597634361962	0.622092828877855
"124000"	-0.2	0.9	0.0012995058593805	0.00117983203616685	0.001038238391952	0.000790510947297123	0.00112239527229395	0.00042139075789931	0.00105674120399862	0.000538809696051564	-0.659337549432916	-0.701240214209518	0.264606846194461	0.533439801506743	0.375438821154397	0.509878571984092
"125000"	-0.1	-0.1	0.00138815303709935	0.00121983536597135	0.00151573858250023	0.00145743341103336	0.00138537744484431	0.000548944612658045	0.00148724755262725	0.000467043229849187	-0.790158701771394	-0.841920951343259	0.409652706146077	0.298079129880494	0.396241915660562	0.314031937066661
"126000"	-0.1	0	0.00104157528881526	0.00111797033773627	0.00114344947913132	0.0010926247701889	0.00104157528881526	0.000502694726350309	0.0011391848479418	0.000416305221718998	-0.767702505641403	-0.814816399802044	0.294569318428559	0.336063695417709	0.482629274857412	0.365441326287959
"127000"	-0.1	0.1	0.000967935712887235	0.00105695915363581	0.0016477587636126	0.00151554782634655	0.000974293595527286	0.000522731768373979	0.00167096228560535	0.000613282977261364	-0.735221751423759	-0.807937022047862	0.308321390853714	0.379674699677622	0.536523867932312	0.367023829648666
"128000"	-0.1	0.2	0.00112180036162616	0.00112295572220145	0.00104181849610115	0.00127391057026569	0.00116581995553471	0.000571152921922897	0.00105268437095153	0.000460291537216109	-0.742968977417353	-0.800075744863643	0.37623445547605	0.171720060973739	0.489915204497364	0.437255030964359
"129000"	-0.1	0.3	0.00169226061598748	0.00143532077795553	0.00117184467081335	0.00112345893307099	0.00165512304486806	0.000491629991789895	0.00116498017176547	0.000472059843940337	-0.846619594486269	-0.785768171389398	0.394338545902404	0.346275070795172	0.297035313062833	0.405208479406953
"130000"	-0.1	0.4	0.00141188925463146	0.00137649104777575	0.00158051220636799	0.00142294680804049	0.001541372372587	0.000389981590506931	0.00156109515080252	0.000605197763131091	-0.862169275756668	-0.789774086008313	0.357832568176203	0.382382255500129	0.253009329505754	0.387675128463486
"131000"	-0.1	0.5	0.00160093044102921	0.0019386265175355	0.000765829814328818	0.000653007854208672	0.00156712744593627	0.00052321939860485	0.000758691806226784	0.000496223749693284	-0.813873619161586	-0.652115190408171	0.0837760148299631	0.490488054341374	0.333871632432712	0.65405181078884
"132000"	-0.1	0.6	0.00134641256938501	0.00141302960683324	0.000987125104809002	0.000957709083783074	0.00137651841757101	0.000448730650291374	0.000998443114692498	0.000594383700705271	-0.719866427386132	-0.701653495720102	0.26224946735955	0.412220070405512	0.325989572361261	0.595310530924269
"133000"	-0.1	0.7	0.00145943339635934	0.00134537704308025	0.00110856677919756	0.00131385963583294	0.00134956943995592	0.000448278556997178	0.00109299459599585	0.000508061622400391	-0.818953006603629	-0.780164619539049	0.290863421905668	0.192700157414268	0.332164128591871	0.464834523667052
"134000"	-0.1	0.8	0.0014127648913712	0.00143022460698346	0.000956541869711268	0.000808103450872556	0.00138010091919248	0.000435079254293111	0.00095422514777519	0.000572573859685579	-0.711646960402738	-0.67675941234766	0.24839394097903	0.486153903043714	0.315251767637169	0.600040630893616
"135000"	-0.1	0.9	0.00133948850032331	0.00124675793549178	0.001161823332852	0.000857222332194845	0.00146698441335159	0.000545802668999719	0.00114753299907758	0.000411915103477085	-0.693595432032725	-0.797686703150844	0.4280403609339	0.510693485321057	0.372057578820986	0.358957087777165
"136000"	0	0	0.00123497272601355	0.00143867638154604	0.00143736726125323	0.00133783808528081	0.00123497272601355	0.000370550712799068	0.00143736726125323	0.000668832022227128	-0.863917470884363	-0.759485870190382	0.12332071835674	0.391825797382267	0.300047689308244	0.46531741765426
"137000"	0	0.1	0.00115403100866095	0.000975588462013578	0.00130563694522375	0.00125545213372378	0.00117504700299113	0.000385739747209645	0.00130563694522375	0.00045524372735819	-0.81754017582796	-0.822403942979056	0.4346085201482	0.327790652145727	0.328276014685138	0.348675586290317
"138000"	0	0.2	0.00123664219902749	0.00108100106412324	0.00122874663971923	0.00119189237031129	0.0011747549506052	0.000419583163960357	0.00122874663971923	0.00046690921439282	-0.821910873168683	-0.807206801719048	0.365586328553516	0.332544136048617	0.35716654247271	0.379988192276571
"139000"	0	0.3	0.00141657781242402	0.00129044683201664	0.00125431319909547	0.00108317359570126	0.00138755930787878	0.000493851027754802	0.00125431319909547	0.000550320719983203	-0.79890195367816	-0.766624840881312	0.356949605774657	0.434181713201826	0.35591345533891	0.438742668402166
"140000"	0	0.4	0.000953950369616811	0.00148822531348867	0.00132436178779519	0.00154421872443723	0.00110361029140611	0.000409301150427496	0.00132436178779519	0.000577562002646272	-0.827893868262656	-0.80101541612316	0.018365114205825	0.204499602281611	0.370874713306637	0.43610591000802
"141000"	0	0.5	0.00113752053934744	0.00102706236193864	0.000941022860090321	0.00083173756039494	0.00111669830196969	0.000525005349788795	0.000941022860090321	0.000509806934383074	-0.705823742696994	-0.713779575022773	0.401367259888252	0.446912399720099	0.470140725442821	0.541758288777535
"142000"	0	0.6	0.0012728041715868	0.00144342621086245	0.00103262144709307	0.000967198660442742	0.00124103269911975	0.000470661166594273	0.00103262144709307	0.000345087296721075	-0.778892297138345	-0.827883961389949	0.17550622352292	0.343841883265814	0.379249609561544	0.33418567636042
"143000"	0	0.7	0.00131568732356365	0.00110494847649322	0.000767726191808712	0.000811357068164055	0.00140599941124017	0.000414407213043996	0.000767726191808712	0.000628226467113951	-0.769013526515939	-0.602387466456457	0.468649346541478	0.420885773728498	0.294742095715719	0.818294951789897
"144000"	0	0.8	0.00110339855327277	0.0013377364464731	0.000337456032376716	0.000512303422461283	0.00142682574327588	0.000483219246409798	0.000337456032376716	0.000459383789036357	-0.702798081836246	-0.469440457783164	0.344621725994708	0.361336142951772	0.338667317075711	1.36131449718323
"145000"	0	0.9	0.00126137153273185	0.001004015283644	0.000557051999002179	0.000575701880993754	0.00125833721587838	0.000480944356411172	0.000557051999002179	0.000375875626405712	-0.681403000926399	-0.668265958933254	0.472572800463877	0.390339771264925	0.382206256274038	0.674758598979988
"146000"	0.1	0.1	0.00138397314000445	0.00119999693178391	0.00144951019113798	0.00156474194743487	0.00138165091464606	0.000532046274591095	0.00146542467841029	0.000494560572464108	-0.793597496957931	-0.834256371274339	0.4162095011989	0.232136284564523	0.385080101602503	0.337486177045013
"147000"	0.1	0.2	0.00132542805503051	0.00134044102915246	0.00123268445170679	0.00109277946150027	0.00129891466119086	0.000456890246906151	0.00123462241099051	0.000572041713644841	-0.815417069516307	-0.75075233259263	0.269589192423186	0.424734098713835	0.351747701798414	0.463333330541041
"148000"	0.1	0.3	0.00159928246656732	0.00158219251463082	0.000848796245018661	0.000830741784359881	0.00152661323052876	0.000584104274151678	0.000845149877855146	0.000418827798247018	-0.805275951760173	-0.747641570308546	0.279850332989347	0.364090894052821	0.382614445146245	0.495566300393884
"149000"	0.1	0.4	0.000963501582807927	0.00101529715448158	0.00076230139619507	0.000719278521647796	0.000873815427983236	0.000349651896036144	0.000767987952043837	0.000598304908200487	-0.754391412325536	-0.587116575043661	0.1883045015683	0.477249435401518	0.400143880319371	0.779055070601336
"150000"	0.1	0.5	0.00111376118871771	0.00111553714881499	0.000904308160107379	0.000736057732741745	0.00105795713614498	0.00044670830281865	0.000912038896526996	0.0005066943094248	-0.804777901873755	-0.708971536463474	0.283019762120414	0.50211663619788	0.422236674395318	0.555562171037079
"151000"	0.1	0.6	0.00114853617076138	0.000791354909989432	0.000775502228696598	0.00078440137619204	0.00112629583299809	0.000625359146305119	0.000781862538027813	0.000444965924718063	-0.601335755243486	-0.709921022673719	0.572118475648772	0.375044786347707	0.555235248132344	0.569110173561269
"152000"	0.1	0.7	0.000812596720653897	0.000700705008910851	0.000466203541126206	0.000566487815917727	0.000781561924821966	0.000533760464526624	0.000472166027069077	0.000443890066193276	-0.47381915683715	-0.561148354686525	0.475795076227073	0.381783308976915	0.682940721105639	0.940114368135884
"153000"	0.1	0.8	0.00161617396537397	0.00135139044295227	0.000783313009733577	0.000599621763425834	0.00146367876024151	0.000452004065822106	0.000777042977952994	0.000434725142741953	-0.747230621233864	-0.685862679148445	0.346880699614873	0.526617605889685	0.308813708376505	0.559460872920018
"154000"	0.1	0.9	0.00135067972066805	0.000926575633179118	0.000511948235881327	0.000589409062818556	0.00127720836295992	0.000557661070954865	0.000517237724426972	0.000390100551110465	-0.689391617347163	-0.656369421610438	0.538121461939539	0.353888997756059	0.43662497610217	0.754199728070187
"155000"	0.2	0.2	0.000986179265708166	0.00114487618170298	0.00134829092068715	0.00127975290205476	0.000951471355068661	0.000505065629116652	0.00132404571160862	0.000468195015620255	-0.757965181538498	-0.815775653134641	0.224791778070885	0.325453296223438	0.530825890265719	0.353609404505705
"156000"	0.2	0.3	0.000995752734444123	0.00113084556274204	0.00120992700045279	0.00117860396079763	0.000981822005651623	0.000528499280698076	0.00120903152071541	0.000436122318847967	-0.738250006843492	-0.810845690489707	0.263399787929247	0.321251465266527	0.538284207988716	0.36072038766194
"157000"	0.2	0.4	0.00108826190204417	0.0010730424143773	0.000784343528096465	0.000928646798370091	0.00116348676649396	0.000518381851348207	0.000770681058077654	0.000482662070958413	-0.72377602378764	-0.708228042295504	0.391974416287587	0.266187989855233	0.445541682360767	0.626279919429108
"158000"	0.2	0.5	0.000852650398167779	0.000761905470104429	0.000752094588239117	0.000865924414466223	0.00083123505774608	0.000356452326124265	0.000761477229961598	0.000483734493861538	-0.724947248684383	-0.701733891383817	0.391106074835372	0.312468560724093	0.428822536781349	0.635257989114045
"159000"	0.2	0.6	0.000874381693357798	0.00107175611994738	0.000711599749105861	0.000706319356986931	0.00101356140266676	0.000517148603041459	0.000759456261771855	0.000465036015614523	-0.688101053806928	-0.674055790302046	0.316961377524014	0.43596340846305	0.510229179683443	0.612327580958471
"160000"	0.2	0.7	0.000954944403898667	0.000758144579811248	0.000381508614442117	0.00054362207641942	0.00103251524874031	0.000470264865977744	0.000366417023392715	0.000398593567049015	-0.640917944107593	-0.570982400748628	0.534311175642145	0.289649061562117	0.455455613417309	1.0878139977187
"161000"	0.2	0.8	0.00137054729600207	0.000776689875236152	0.000642457957805358	0.000604615334486569	0.00124636161494331	0.000521937261755455	0.000636012606544672	0.000509405953257649	-0.614533402642641	-0.568784724146163	0.614722742579613	0.475055562124233	0.418768722895238	0.800936880835033
"162000"	0.2	0.9	0.00102354499697922	0.000905340801897985	0.000304014216470193	0.000451148906633226	0.000974401934160134	0.000443174665187824	0.000331763341855356	0.000433393089929264	-0.638925545308205	-0.439118397728823	0.389747554415941	0.414051984529475	0.454817103344329	1.30633206039448
"163000"	0.3	0.3	0.000979881494603759	0.00092489969989905	0.000766308054651313	0.000559751560105101	0.000946433639988435	0.000407034292441163	0.000769862798852388	0.000395836945047814	-0.774231876002174	-0.69136129477798	0.34524658873845	0.548833563186046	0.430071666140414	0.514165570330033
"164000"	0.3	0.4	0.000784283641820255	0.000859945156436289	0.000653509123910885	0.00073772800297915	0.000746101954104394	0.000607116194906898	0.000652921008369335	0.000353052032994177	-0.615050112670383	-0.724235383126293	0.36645642840099	0.279352152712147	0.813717470604495	0.540727022823054
"165000"	0.3	0.5	0.000638550732244658	0.000932383620030816	0.000573219413336352	0.00079732063576771	0.000760754661152394	0.000509489827479652	0.000591835684439652	0.00042171786846014	-0.68475670041046	-0.712519210451409	0.271342504332763	0.216411450876546	0.669716340229681	0.712559042227103
"166000"	0.3	0.6	0.000829300149969879	0.000720694158326452	0.000507009082274492	0.0005453445303433	0.000863541216872567	0.000439980680053908	0.000544952954374965	0.00032475367248855	-0.685887481207489	-0.686256229924644	0.472772142517222	0.385517025063609	0.509507446149888	0.595929740138811
"167000"	0.3	0.7	0.0004489156997351	0.000616162507251525	0.000311234365073528	0.000350892589376311	0.000629573614127516	0.000451370871008567	0.000363335472939645	0.000317767571825574	-0.510506641145678	-0.510767566571593	0.435942550460828	0.485905859724903	0.716946931827967	0.874584496951552
"168000"	0.3	0.8	0.000494297680569383	0.000523073526830771	0.000262255762335802	0.000247935269205931	0.000527983043603902	0.000378732493625716	0.000299191007262659	0.000312563510022774	-0.541277679220711	-0.40292911502469	0.428963056587879	0.594856581123401	0.717319425715959	1.04469553708336
"169000"	0.3	0.9	0.000581348328125858	0.000432461927662941	0.000276410511560936	0.000339951670962384	0.000677562866874393	0.000423476286148664	0.000280621629301901	0.000342659736134572	-0.518271763541603	-0.496794410296397	0.624068463445306	0.456846170351035	0.624999253725586	1.22107386015469
"170000"	0.4	0.4	0.000758234629842438	0.000792780641803285	0.000840823436773745	0.000899171952234957	0.000771807512192167	0.000424820520705639	0.000806428872830707	0.000455522802935814	-0.66494412576092	-0.686751759566279	0.352638756850284	0.299278083776625	0.550422889120398	0.564864203506068
"171000"	0.4	0.5	0.000645993174663813	0.000673909929358613	0.000782689075425777	0.000767163175481631	0.000694077885908585	0.000608585092035504	0.000855991825791269	0.000495326034512159	-0.542371957873067	-0.683801445005128	0.48371031595072	0.448556838369332	0.876825359792055	0.578657435255629
"172000"	0.4	0.6	0.000621831631535277	0.000589747173545409	0.000449167163465113	0.00050552454623483	0.000751907971668318	0.00048837585059828	0.000428811213916941	0.000464146199068558	-0.608757035446517	-0.559477929073224	0.536762710726732	0.434216175828399	0.649515458008354	1.08240219473006
"173000"	0.4	0.7	0.000483048582920572	0.000543951401628032	0.00033655247498241	0.000315661384550327	0.00054260070058076	0.000509570551493696	0.000371014526133248	0.000324965302570463	-0.517925394073832	-0.528390677368748	0.483258267281482	0.54765043745966	0.939126232141407	0.875882963282557
"174000"	0.4	0.8	0.000362283070138	0.000348841950563878	0.000254756430232652	0.000258029755742938	0.000595345195851624	0.000424289219834566	0.000351997916221652	0.00032525190251804	-0.455706009476311	-0.472553058261711	0.667333235067918	0.619486853203468	0.71267765792186	0.924016556715153
"175000"	0.4	0.9	0.000386272420384009	0.000215762616206738	0.000184389872916268	0.000211863095724897	0.000436742071364038	0.000408963645954224	0.000229773663869798	0.000343448294300279	-0.286496828999606	-0.249739343913698	0.7452748429214	0.643173153160336	0.93639626857322	1.49472436708367
"176000"	0.5	0.5	0.000486326700237712	0.000436258773062064	0.000678016303734339	0.000613461543125953	0.000480948433760677	0.000396610506982413	0.000654021043397416	0.000468423655435099	-0.539878761967966	-0.629820786329521	0.505210923038569	0.459788541441663	0.824642475454592	0.716221076009723
"177000"	0.5	0.6	0.000463241917324862	0.000432382748134075	0.000388393725010745	0.000278584801453241	0.000517067140291478	0.000348196942971971	0.0004693617925654	0.000415121998010036	-0.641981904198098	-0.474275948464951	0.51009717487331	0.686322902287007	0.67340760191353	0.884439263241039
"178000"	0.5	0.7	0.000428983051993842	0.00026518352472642	0.00019193502884073	0.000148767580521302	0.00045529624318675	0.000333990884831845	0.0003326694843462	0.000347068407133368	-0.704325065534832	-0.336457615294868	0.672005471805844	0.781315101990316	0.73356828620888	1.04328296842575
"179000"	0.5	0.8	0.000271406806602298	0.000261420756790037	0.000181530582419654	0.000144146915587161	0.000391545158989619	0.000406922417105943	0.000341568705401571	0.00024226537272935	-0.484525972455585	-0.498336172862869	0.672721667495731	0.764238797004358	1.03927326839133	0.709272743369526
"180000"	0.5	0.9	0.000242963173639317	0.000110920286425079	0.00011401411175751	0.000197505549494928	0.000315638044319208	0.000443863628663662	0.000250418765091101	0.000249946865832335	0.0267627497160704	-0.360486941738272	0.866393197194958	0.605277815664049	1.40624248772362	0.998115559516502
"181000"	0.6	0.6	0.000298555697625048	0.000230535676779317	0.000241627419723572	0.000253134386695609	0.000348409053941155	0.000273154734732558	0.000299829949293152	0.000314242030341266	-0.595167053583647	-0.508784826079458	0.63376595052809	0.587939285612878	0.784005844976384	1.04806751654427
"182000"	0.6	0.7	0.000136079169183487	0.000260880689352691	0.000181817483248565	0.000156012955595645	0.000323074249147911	0.000327111649989151	0.000300444343803495	0.0003174177628549	-0.451019589641053	-0.361522594606464	0.59877139165546	0.747777725830063	1.01249682031882	1.0564943870686
"183000"	0.6	0.8	0.000122180175426839	0.000142388904717269	0.000131236750645461	0.000139466386780249	0.000286810062853529	0.000378015739181927	0.000282855669629864	0.000290616749248984	-0.224040115172403	-0.417282406283023	0.793326044619515	0.756872987255795	1.31800026617259	1.02743830317871
"184000"	0.6	0.9	0.000127419894844399	0.000116124737282322	6.14662040765352e-05	5.79258817816051e-05	0.000281981470842319	0.000225963275728518	0.00012496301299796	0.000197313676271922	-0.470305174782837	-0.0991971332883115	0.77611736078201	0.841746477319097	0.801340864892765	1.57897662306801
"185000"	0.7	0.7	0.000125335002694732	0.000158901703565827	0.000176670228266377	0.000114442056531112	0.000249918746900115	0.000269980271413774	0.000309799657545739	0.000308220905215965	-0.415705184041881	-0.368181252452979	0.69487797061085	0.814827498733598	1.08027218751092	0.994903957149984
"186000"	0.7	0.8	0.000108725257045358	0.000100923842890059	7.14875311396504e-05	0.00010083105069155	0.000272556356331272	0.000344892209961165	0.000164175503514863	0.00025169861407729	-0.217386221453559	-0.298949027023659	0.842347455314866	0.774899428129368	1.2653977863645	1.53310700249812
"187000"	0.7	0.9	6.41481190388318e-05	7.61688504416066e-05	4.03736374621043e-05	4.48953360270598e-05	0.00022726164383944	0.000307656071327993	0.000189214431158704	0.000188989369038054	-0.212329632140519	-0.209415976781091	0.867459464938854	0.881293427015434	1.3537527324468	0.998810544633031
"188000"	0.8	0.8	4.19797317147455e-05	5.2460718119001e-05	4.31771120382674e-05	4.94500793896147e-05	0.00027745796912181	0.000266411915788076	0.000247627568325904	0.0003007922154592	-0.311173515521357	-0.162481632241895	0.903728198609133	0.91413721422042	0.960188372427376	1.21469599484709
"189000"	0.8	0.9	1.07059061043137e-05	1.84015490785513e-05	1.24849356486065e-05	8.99596205048564e-06	0.000110363473417147	0.000149864806622408	0.00010928243651819	0.000112870620742969	0.0372644610731818	-0.0176295130268088	0.940181714552102	0.959630750770612	1.35792035156374	1.03283404304572
"190000"	0.9	0.9	5.9671267121321e-06	8.34577174476573e-06	6.7479091375632e-06	8.36035391880573e-06	0.000155357990775938	0.000149867165450536	0.000154066721580956	0.000173734307807497	-0.379183020335465	-0.107332414863404	0.972814422591894	0.97625440188938	0.964656949423853	1.12765629088957
